    4.849609    2.942889    9.605530   3
    8.973649   -6.043961   10.137290   7
    4.487709    5.012034    5.194517   3
   11.277482    7.471912  -13.199057   2
  -12.725772    7.011810   10.300034   6
   -6.589522  -12.066569   14.820538   9
    1.703164   -1.388626  -14.392521   8
    9.450843  -14.935837   -1.247972  11
   -8.156890   13.564404    8.317029   6
    1.254733  -11.776484   10.322883   9
   -0.397425   -3.074601   19.416117  12
   -3.159327  -15.838687    8.637117   9
    4.494343    7.114980  -15.802442   2
   -4.184908   -3.272366   -3.611388   3
    4.576062   -1.093041  -17.081047   8
  -10.764551    8.372956  -11.227891   5
   -7.765001    8.185862   10.718833   6
    0.275391   19.205118    0.722089  10
   -1.246077  -11.233111   14.731682  12
    1.757226   -6.762909    1.979079   3
  -13.029775    5.484159   -4.257483   6
   13.360963    6.069470  -11.854324   2
    3.022266   -8.880607    9.681560   7
   -8.207472  -10.501273   -2.301841   1
   -7.571497   -8.346174   10.920792   9
   10.646018    0.497735   10.416830   7
   14.554650    9.190764   -4.764816   2
    9.945230   -2.998033   12.285209   7
    7.927791    1.943293  -14.301584   8
    1.582982   13.655485    2.510785  10
   -5.148548  -10.136448   -3.278384   1
    2.091920   -8.780049   10.384218   9
   12.507383  -15.768961   -0.729611  11
   -6.853585   -9.911469   12.763795   9
    1.185507   -2.434192    8.891968   3
   -9.279169   13.717518   -0.999589   6
  -13.833461   10.305355    8.627651   6
   -5.886192   11.344372    0.956291  10
   -3.477416  -10.165567   12.199565  12
   -9.398920   15.743247   -1.108802  10
    9.145616  -11.287749   14.524304   7
   11.686502   10.017272   -8.522598   2
    4.499873    7.632039    6.916585   3
   -2.180758  -19.291432   -6.112621   4
   -1.445366    0.647271  -17.211155   8
   -2.387572   20.178349   -2.761550  10
  -11.210925   10.041857   -9.769693   5
   -0.533206  -21.311690   -1.434883   4
   -2.452886   18.564939   -0.431890  10
   -0.125559   -6.185472  -14.841055   8
    3.084548   -6.651654   12.220616   9
    0.248961    3.898861  -15.207286   8
    5.972041    5.533590  -16.589445   2
    4.002336  -14.313354   11.150683   9
    4.723849  -16.855306    1.484770  11
   -7.251958   10.980028    2.967619  10
   -2.796474   19.352306    2.937964  10
   13.067666  -12.173621    1.276194  11
    0.632158    8.341470   -8.625941   8
   16.516491    5.787334   -4.863982   2
   11.949832  -19.411612    3.571060  11
   -7.662029    5.368598   -4.998157   6
   12.300877   -0.584930   10.284863   7
    1.146451   -6.051376   11.519395   9
   -1.948791  -16.355904   10.447622   9
    2.721403    0.282087  -17.609072   8
   13.306443   11.278579  -11.893016   2
    9.918829  -14.628417    3.927665  11
   -2.844583    4.086370  -10.119906   8
   -4.121677   -5.777734  -13.405187   8
   -2.993435   13.966468    1.919373   6
  -14.113731   -9.556293    6.285127   1
   16.730641    5.400427  -10.849270   2
   -7.916711    4.547487   -6.544397   5
   -4.842396   18.268866   -1.235313  10
   16.015304    6.587178  -12.964695   2
    2.612325   11.448841   -8.234570   2
    2.842387   -5.162466  -10.741356   8
    3.985539   12.577620  -10.056495   2
    2.392886   -0.363054    6.638500  12
    1.620961  -18.648212   -0.894005   4
   -0.446152   18.104983    4.415298  10
   -6.754840   18.238900    2.853562  10
   -8.082847    7.855954  -14.814167   5
    9.491350  -19.956904    0.817632  11
   13.257641    1.701816   -7.729750   2
  -15.408426    3.243079   -3.036530   6
   12.038873    9.142568  -11.095837   2
  -14.727849    0.835128    2.613860   6
    4.894023    9.903942   -4.638043   2
   -1.321670   19.906462    4.073754  10
   16.335331    0.970026  -11.009758   2
   11.594459   11.697932  -13.027293   2
    1.305492   10.511194   -6.437096   2
   -0.145367  -10.058296   16.107892  12
   -7.534529   13.012332    3.659006   6
  -10.289700   -8.867803   11.254869   9
   -9.514112    8.190481   -2.156864   5
   15.464638   -0.194807   -9.485773   2
   -0.553647  -18.639240   -0.738836   4
    0.729208   17.496021   -0.531841  10
    9.450884   -8.088415   12.261444   7
    1.549008   -4.140650   13.400092   9
   13.165966    6.588271  -15.523351   2
    0.918953   17.492898    2.306321  10
   -7.889254   -8.127620   15.088962   9
   -8.823474  -10.325933    7.458159   1
   -8.481594   17.293870   -1.830125  10
   -5.653933  -13.650119   12.792392   9
   12.478986   -1.599641    6.385234   7
    1.181604  -18.762232    1.272453   4
   -3.795525  -18.660335   -1.910930   4
  -12.943729   12.274793    5.894992   6
   -7.603008    8.787737   -3.356716   6
   -9.577325    6.606852  -11.820693   5
   -5.452601  -11.385873   -1.065590   1
   11.671237   -8.591681   13.998461   7
   15.476972    5.710283   -2.591432   2
    0.890725    8.786152    7.310910   3
   -6.642546    9.302104  -16.011527   5
   -7.100873   -0.844558  -10.729353   8
   -3.084787    4.044852  -10.277636   5
    8.044608   13.665549  -10.737661   2
   -5.820535  -20.055342   -2.657352   4
    0.888011   -6.701467   19.641056  12
   -5.265330   11.700062    4.636834   6
    8.682049  -11.825029    2.177408  11
  -13.293503  -11.761288    6.633766   1
   -3.980806   -3.547970   16.520590  12
   -0.417335   -5.311022   -6.275141   3
  -10.455897   10.456700  -11.731338   5
    4.733820   -0.102790    2.884502   7
    7.641863    9.154573   -5.307014   2
   -1.167612  -20.101339   -4.710217   4
    2.994536   16.591825    0.271347  10
  -10.856462  -11.775229    2.768627   1
    0.002306   -4.175028   10.982581   9
    0.465794   -6.846931   15.888702  12
   -3.482065    8.100813    3.490471   3
    2.759266    5.915597   -9.359245   5
   -5.853071  -11.301604   -1.511640   4
    7.274709    4.754955    8.430443   3
   -6.530643  -20.116717    2.074353   4
   -6.222465   10.449819  -12.003492   5
   14.331700    3.352422  -14.014217   2
  -14.828928    2.582636   -1.119259   6
    3.287637   -4.747988   12.183031   9
    6.322408    2.940301    8.099614   3
   -4.143778  -21.479115   -2.486069   4
    6.723622  -16.324287    3.470497  11
  -12.916294  -11.875766   -1.049182   1
    6.711725   -0.333428  -17.457546   8
   -9.729675   11.076948  -13.610670   5
   13.000200   -3.077530   10.237263   7
   -0.481311   16.097861    3.633189  10
   -8.802411  -12.940202   -0.362048   1
   -2.337216   -3.001976  -12.189049   8
   12.914386    4.950713   -4.454772   2
    0.465330  -10.002025    4.990520   9
   -0.500853   -2.335675   -6.086885   3
    3.355107   -2.301301    9.312517   3
    0.437384  -14.363277   12.285543   9
  -11.749769   11.717442   -8.408903   5
   -1.773187   -3.178523   14.521218  12
   -6.739592   13.754920   -1.886768   6
   -6.302360  -13.361389    1.246836   1
   16.775139    5.259557   -9.290701   2
   -3.112515    9.677583   -3.640972   6
   10.423159  -15.424211   -3.924479  11
   -5.435789    4.467027  -13.234109   8
   -0.873188  -18.794250    2.110265   4
    7.044676  -11.647009    3.740772  11
   -8.332901   15.404705    2.138816   6
   -1.264819   -9.589753   18.150238  12
    8.108804   -3.735131   11.142677   7
   -6.299496    8.033304   -2.191581   5
    9.779012   -5.563586   16.164139   7
  -14.343028    5.706164    2.160765   6
    1.069699   -4.575277   14.695508  12
  -11.676536    6.306441   -2.266680   6
   -6.461593   -2.295125   -4.920077   3
   -2.483203   14.019207  -10.408384   5
    1.121659    2.465506   10.756276   3
   11.170103   -0.634214   12.606119   7
   -2.186190   11.458774    5.858457   6
  -11.798387    9.527279   -7.731791   5
  -11.573298   -7.043097   -2.747141   1
    6.725055   -1.333359  -14.140810   8
    2.926427  -10.355746   11.472721   9
   -6.643594  -12.815740   -0.235560   4
    0.974838   -0.642563   -5.766361   3
  -11.028812    5.311089   10.509239   6
    3.260661  -11.119813   13.390154   9
   -4.779230    0.728727  -10.551526   8
   -8.482962    6.641856  -13.256276   5
   10.620827    2.824049    5.157602   3
   -7.306927  -18.558779   -1.450761   4
    1.988685  -14.679601    7.370489   9
    9.266924    8.599716   -3.120655   2
   13.645438    8.312741   -7.678729   2
   -2.821605    2.898426  -16.832107   8
    4.210054   -0.559595    6.811122   7
    8.467176   11.418123  -10.014565   2
    7.552388  -13.869856    4.863086  11
   -1.642213  -17.219568   -4.850286   4
    2.621581   -1.912731  -17.394654   8
   13.473599   -3.747320   12.230596   7
   -5.575172   -1.753936  -13.924641   8
   -1.584091  -19.035325   -3.047976   4
   -5.829792    9.757708   -2.879739   5
   12.619900   -7.067129   12.821199   7
   16.391820    3.174518  -10.813816   2
   -3.948102   13.328659    2.323151   6
    6.253589   -1.423658    4.331317   3
   11.437837   -6.822167   12.297831   7
   -3.913787  -12.948282   14.450696   9
   -3.676926   12.313063  -10.583444   5
   -1.913403    5.506686  -11.586631   5
  -12.423943    4.234162    4.803766   6
    1.945061   -0.984574   16.768882  12
    4.006049   -6.571085   10.416167   9
   -3.729588  -13.767766    3.668628   1
    5.040468    4.789807    8.782966   3
   -3.185542   -6.429942   19.128002  12
   -6.247487   -2.784455  -11.995326   8
    8.364344    3.193319    6.916034   3
   -3.669395  -14.752533   -0.070335   1
  -15.560543    4.966741   -1.439759   6
    4.316735   13.034014   -6.396824   2
    3.277827   -5.511050  -15.419855   8
    3.539546   -4.190528   -7.389458   3
    2.489954    2.231144    7.534675  12
  -12.380767  -10.176784   -4.501370   1
   -0.556555   13.554374   -7.906071   5
  -11.397057    6.250555  -10.772374   5
   -4.022080    6.110309  -14.398546   8
    6.438442   -6.949934   -9.370141   8
   -1.615443   12.233148   -9.163792   5
   14.616109    4.564538   -9.399570   2
   -2.775322   -2.089501   12.406740  12
    4.877747   -0.888509    9.900102   3
    7.748474   11.484122   -4.811625   2
   -8.755754  -12.098042   -1.309008   4
   -0.393252    1.700810   -6.895305   3
    4.074088   -8.653329   -6.798699   8
    3.575867    3.920569  -12.099128   2
   -6.121886   11.175109  -15.059011   5
   -8.409416  -15.360649    1.993806   1
    2.524430   -4.207422  -13.728269   8
  -10.549410   13.769887   -8.871279   5
    8.242163   -2.974265    6.260537   3
    9.036301   11.117458  -15.662938   2
   11.665707   12.472124  -10.609385   2
  -13.409346    6.911762   -0.127279   6
   -6.990139   12.899731    3.888028  10
    5.680867   -2.571437   13.985310  12
    3.744513    6.593125    8.721302   3
   17.078140    3.414470   -5.210987   2
   -7.484632   -2.951226  -10.161056   8
   -7.415927    6.068666   11.536619   6
   11.183554   -4.379477   10.856799   7
   15.964753    4.449804  -12.809934   2
   -5.766640   12.975641    2.232570  10
    1.990778   -8.518549   -7.458968   8
   10.821128   -4.157964    8.498867   7
    6.934719   -0.638598    1.983401   3
    0.664573   -8.320562    3.686126   9
   14.659932    5.565351  -14.368850   2
    2.971458   10.885270  -11.440796   2
   -2.630400    6.694645    3.422325   6
    6.961104   -4.216738   13.304927   7
    0.254753   -4.243009  -15.991681   8
    5.510770   -8.378500   10.777336   9
    1.029674   -2.374023    7.802442   3
    7.606744   10.707078   -0.577219   2
  -13.841056   -7.391808    6.076381   1
   12.664075   -0.906004   -7.511412   2
   -5.099023    9.835117   -2.155350   6
   -0.253848  -13.587436   14.048070   9
   11.119317    0.904257    1.052078   3
   -6.563901   -8.659812    4.339452   1
   -6.212012    3.125233   -8.921266   8
   -5.680419  -10.052238   -3.366927   4
   12.010984  -17.802094   -0.351725  11
    0.198147    9.412260  -10.622843   8
   -1.225295   -2.314739   13.611217   9
  -11.653421    7.063248    8.108654   6
   -4.035202  -11.943026    1.829715   1
   -8.518219   14.194569  -12.267567   5
   -0.616176   -7.419265   -4.629576   3
  -11.716147    3.539060    9.101790   6
   -8.879212   12.386524   10.119561   6
    9.206631  -17.307791    3.052025  11
    9.969148  -18.441549   -0.555923  11
  -14.069615    8.429670   -3.104814   6
    0.128255   -1.706973    4.532238  12
   -1.633014    2.773438  -11.927880   5
    9.142658    3.566590   -9.226120   8
    9.332051    1.132289    6.581238   3
   -4.616477  -12.398284   -0.234142   4
   -0.706496  -18.347395   -7.580355   4
    2.644670    1.876477    5.733806  12
    5.329495    7.269923   -7.297567   8
    5.890517    1.936352    5.506739   7
   -1.397861   16.410096   -1.324040  10
  -14.926374   11.026761    2.266188   6
   -5.781438    7.384996  -15.308717   5
    3.636161   -7.629504   -7.802582   8
    8.045028   -9.344047   15.537114   7
   -4.185670    0.657689    8.191915  12
   -0.231896  -12.909325   -5.504296   4
   17.597928    3.484538   -8.848193   2
   -2.577648    1.537880   -4.073371   8
   -6.232310    9.247131    9.483907   6
   -0.320908    6.362407  -10.226381   5
  -14.400803    5.867893    9.212748   6
   -6.052617    2.486369  -13.862939   8
    2.057154  -12.486406    7.388061   9
   -3.149195    1.352431   -7.007204   3
   -3.728744  -15.023657    1.995549   1
    3.109314   -7.015811  -13.655230   8
  -13.200006    6.893917    4.848725   6
   -8.851382   12.117732   -0.803815   6
   10.028598  -14.190975    1.396018  11
   16.035992    0.387407   -7.393960   2
  -15.619533    7.585774   -1.364980   6
   -1.177140   -3.846832  -17.680863   8
    6.019039  -15.631697    8.299360  11
    2.030209   -3.248958    5.782729   3
   -4.085684    8.515308    5.684271   3
    1.064203  -14.007463    5.656119   9
   -1.688564   -1.238512    3.308500  12
   -6.939058   17.291713   -3.348544  10
    1.457262    0.960404    7.042519  12
    5.970230   -9.228100    0.954425  11
   -3.202881   -2.606278    8.009270   3
   -8.618988   16.723555    2.245054  10
   -0.199560    6.782426    3.174519   6
    6.298858    2.317004   -8.661108   2
   -7.924571  -10.523220   -2.054098   4
   17.236391    7.124545   -6.839095   2
    0.829891    2.958558   14.676900  12
    5.143340   -5.422137   -8.805257   8
    0.201350   -4.345342  -11.587686   8
    0.101759  -13.663597   11.756578   9
   12.783411    4.440355  -15.114927   2
   -8.100940   10.141420  -14.526614   5
   -1.175110   -9.729847    1.181983   1
   12.633897   10.902527   -4.408211   2
   -7.473033  -15.303459   -2.323214   1
    1.715160   -7.303111  -15.067550   8
   -0.482149   -4.100760   12.889026   9
   -3.987740   -1.322253   -7.005283   3
    5.975202   -2.509302    0.611280   3
   -5.234199   -2.046401   10.110988  12
  -12.054934   10.481840    9.605377   6
   12.230103  -15.238687   -2.758993  11
   13.075076    9.955744  -13.812432   2
   -5.565943    1.871272   -0.417588   6
    4.401881    0.285929    3.156991   3
   -5.568218   -2.559530    9.363170   9
   -6.279947    9.961982    7.501553   6
   -7.796934  -19.152331    0.588316   4
   -2.552642  -22.589739   -1.531689   4
   -6.732547  -16.289771    1.779681   1
   -9.034239  -12.314247    0.836755   4
   -3.679676    2.230886   -5.451225   8
   -4.698172   -0.504341   14.053258  12
   -4.472951   -7.097193   -1.919772   3
    5.680927   13.864407   -4.847248   2
    3.040015   -2.450853    1.632556   3
    3.442152    9.195447   -0.489618   2
    1.353709  -15.301753   -3.841296   4
    4.837018    5.917520  -10.599151   8
    2.390364    2.958750  -10.398917   2
   -1.741452   -4.952858  -15.923531   8
   -0.193031    3.215923  -10.331081   5
    2.298566    7.410383   -6.707565   8
    0.141438   21.685353   -0.452688  10
   -6.081135   12.672198  -10.051879   5
    1.006776   -2.180234    7.079461   9
  -10.902551    4.356478    7.736492   6
   -2.599153    7.157676    2.971986  10
   -8.097935   14.217556    2.436454  10
  -14.382603   11.529489    0.188036   6
    9.265000    9.593042   -7.789606   2
   -1.087972    5.115312    9.936451   3
   14.117270    0.412133  -11.309287   2
   -9.411349    8.780140  -13.033442   5
   -2.625958   -2.001893   12.080092   9
   13.470225    0.718859   -2.747289   2
   10.345661  -19.745174    4.827784  11
    7.276538   13.912358   -3.549747   2
   -3.918712   -5.061437   -5.208803   3
    8.726589   -5.793956   12.890563   7
    1.326409    9.894150   -7.097035   5
    5.548508   -7.751399    8.417778   9
   -8.280394   -2.546204    1.692846   3
    5.476444   -6.191920    9.471723   9
    5.692454  -19.178798    1.668428  11
   -5.578688    7.831943   11.183130   6
   -7.358368  -16.935886   -3.217153   4
    5.233677   -6.947453   11.923257   9
   12.740523  -15.311065    3.494119  11
    8.401152    4.551612  -16.678806   2
  -11.564709   -9.460005    1.205880   1
    6.375535    1.448757   -4.121872   8
   -6.224295  -10.133862    2.050295   1
    0.648459   -5.613117   14.736035   9
  -16.609421    4.332540    2.472029   6
   -7.142560  -18.727990   -3.801644   4
    0.106463   11.720413  -12.484296   5
    1.872411   -4.785601    3.467992   3
    4.147980   -3.221362    1.600225   7
   -5.427895  -12.274798   13.823806   9
    7.006816   12.366814   -1.895835   2
   -3.463110    5.044919    7.406212   6
  -10.034152   10.618008   10.667380   6
    8.130279  -15.938935    0.969867  11
    3.881903   -8.684752   12.271094   9
    9.518646   -0.587929   -8.899387   8
   -7.646027   -4.588459    1.552640   3
    1.385695   -5.940794  -16.582278   8
   -1.750436   -5.374156   15.944383  12
    9.051885  -12.270791   -0.405985  11
    6.628315   -6.978981  -11.665626   8
   -8.975022  -15.648047   -0.319347   1
   12.818713    5.153318   -7.261822   2
   -2.643423   -7.921281   17.606717  12
   -1.767452  -14.100581    0.771717   1
   10.504759   -7.733370    9.258507   7
   -2.350647  -13.509837   -3.058937   1
    6.562322  -13.755742    2.338438  11
   -7.461090    7.225801    3.353118   3
   14.444302   10.781427   -6.121896   2
   -5.545014   11.244627   -1.203755  10
  -11.172116    6.638651   -5.085515   6
    9.708484   13.579276   -7.099164   2
    2.239117  -11.710747   -4.589011   4
   12.376672  -13.537266   -1.189995  11
    5.949223    1.983194   -0.992575   2
   -9.460406    4.668780   -9.996446   5
   -7.008936   12.579890   -0.721731  10
   -3.764824   -6.137768   -8.167711   8
   -0.091378   11.157354    7.380298  10
    3.613541   16.513308    3.888325  10
   11.768649  -11.619834   -2.467069  11
    0.043927   10.645489    1.454539   6
   -0.033566   15.274716   -4.545914  10
    1.009758   -7.224523  -12.880985   8
    6.726290    7.420290    6.308444   3
    6.862765    5.762486    0.885874   2
    3.032586  -14.108407   -5.209945   4
  -14.072638  -10.990665    3.042973   1
    6.470896  -11.732669    6.827780  11
    3.439793   -4.220413    7.882564   3
   -6.167086   -2.542742    5.306929   3
    1.301422   -3.285293    5.221564   9
    0.857982   -6.521057   -5.626597   3
    5.343604    4.556690    1.716165   2
  -14.811785    6.428134   -3.187662   6
    9.835152  -10.480163    6.202682  11
   -3.419226   -3.257553   -6.796105   3
    7.935083  -11.762390   -4.351730  11
    4.951995   -8.033498  -10.591475   8
    5.882543   11.858691   -0.076663   2
   -4.581425   12.790673    9.816444   6
    5.592539   -0.813924   -3.004913   8
   -5.682803    8.189739    4.472991   3
    0.817039   -5.292366   14.780804   9
   12.902360  -11.507518   -0.638027  11
   -8.935003   13.064050   -3.416940   6
    1.516993   21.281266    1.057593  10
   -2.519856   -6.490369  -14.721534   8
  -13.419046   -6.440223    4.330576   1
   -9.843699    4.970641   -7.669668   5
    8.140453    0.818467   12.002853   7
   -1.315788   -2.484003   -3.142293   8
    7.036821    7.136770   -9.111487   8
    1.364799   11.087281  -10.618104   5
    2.536226    8.211227    5.441843   3
   13.001299  -14.433944    1.099541  11
   -4.507583   15.101103  -10.087472   5
   -1.202613   13.098456    0.046910   6
   -9.140149    5.823726    3.967950   3
    2.216438   -3.308927   11.307615   9
    5.343860    6.367405   -8.605839   8
    2.678058    6.699150    6.104165   3
    1.064069  -10.523575   -6.234174   4
   -8.491034    4.025253    5.070009   3
    9.222288   -2.618171   -9.612033   8
    4.062663    3.322537   12.877850  12
  -14.567706    9.901840   -1.609133   6
   16.376939    8.884499  -10.142570   2
    8.284947  -16.143122    5.736193  11
    1.056833   -2.026053   13.111438   9
   12.711402  -16.660024    1.425681  11
    3.058624    8.859444    7.784695   3
    4.806570   -6.687884  -12.463819   8
    7.143361   -0.448004    2.777662   7
   -1.370148   -0.709594    0.639775   3
    1.935794   11.474640    1.768857  10
    1.205310   15.843098   -2.091770  10
   -4.132770   13.971494  -13.779552   5
  -16.242656    6.966959    6.024253   6
  -15.766153    3.512294    4.880221   6
   -4.839309  -11.422385   -6.399430   4
   -4.903428  -12.223410   11.637748   9
   -1.708641    5.376309   -9.505249   5
   -3.634784    8.297831    0.766584   3
   -8.607862    2.087166    0.504065   3
    3.565509   -2.275645   -8.268774   3
    6.603877   -5.309981  -13.565818   8
   -9.314149    6.669021   10.769597   6
    0.980568   19.318085   -3.077212  10
   -2.165693   -0.381013   -3.327179   8
   -3.826778    4.614847   -2.778153   6
   -0.768212    9.196231    4.710398   6
   -4.533470   19.634805    1.970300  10
    2.635344   15.773353    2.810235  10
   -5.082298   13.769101   -3.432040   6
   10.577468   -0.726158    3.558908   3
    5.928475   17.097484   -1.495186  10
    4.416328   -3.305678  -16.319389   8
   -8.142698  -12.264026    2.942136   1
    4.405483   -1.779376   12.654492  12
    4.896972   12.910760   -2.702408   2
   -3.282759    4.270493    5.322057   6
    6.053726   15.774875    0.644948  10
    8.886844    0.471282  -12.811116   8
   -2.084079   12.695709  -13.462087   5
   -3.449297    6.907697    8.704023   6
   -4.038773    8.924403    9.643786   6
    3.631427   -1.800154    2.813421   7
   -1.330470   11.016405   -0.222182   6
   -5.912803   -9.206675    4.334563   9
    6.519449    1.751424   -2.246254   3
   -3.521465   -0.519461   -1.260680   3
   -2.122794  -14.396861   -5.999743   4
   -1.562233    9.366068   -4.679346   5
   -0.835194    7.078447    5.566271   6
   -5.279322   -4.412879   12.822860  12
   -5.616814   -2.009976   -2.297854   3
  -12.732206    3.186961    1.312060   6
    2.403741   -3.347625    7.300924   9
   -5.623176   11.613874    4.750861  10
   10.261809   -1.422743   14.640067   7
   -4.023223   15.563074    3.896676   6
    8.919167    2.102158   -1.975524   3
   -7.132822    5.721865  -14.369346   5
   11.833454   -4.330147   15.447286   7
    7.046606    3.294684    0.841615   2
    7.144465   -4.613550   -4.305412   8
   -1.694417  -10.547398   -0.751083   1
    2.177605   -0.071613   10.209119   3
  -10.434947   13.481575    8.793722   6
   10.243873    5.435341  -17.524464   2
   -7.694277   -4.997485   13.484127   9
    1.512355   -4.974548    0.914219   3
   -4.972287   -6.331510   -3.699223   3
   12.858599    5.077376  -14.309493   2
   -0.793308  -13.491117    9.424635   9
    9.456787  -11.606711    4.993848  11
   -6.011453    1.515419    6.137472   3
    2.159266    6.634763   10.314637   3
    7.414133  -13.523886   -3.320190  11
    0.776975    4.955105   10.529975   3
   -6.064023  -16.724880   -5.250483   4
   -5.974536    6.302234    4.685636   3
  -11.628077    8.937290   11.031900   6
  -12.217352    8.651610   -4.321155   6
   11.897696  -10.904787    5.524568  11
  -10.991960  -11.157268   -0.890084   1
   -0.054145  -15.461159   -5.453745   4
    9.441630   12.150551   -7.183663   2
   -8.555737    9.999619   -2.481193   5
   -0.771424    5.654160   -0.668414   6
    4.816946   -2.858658   16.285722  12
   -6.588480    3.588731    5.422010   3
   -0.862818   13.739263  -11.903824   5
   -1.439676   -6.331051   14.896087   9
  -16.931373    6.772076    2.365730   6
   -8.562018  -11.353462   10.291506   9
   -7.920029   12.464005  -13.875912   5
    6.400329   -5.018483    3.196234   3
    3.374795    6.804443    0.188648   2
  -10.169894  -15.022670    3.470881   1
  -13.445228    0.805097   -0.771123   6
    9.562145   -0.555381    0.045991   3
    2.524864    5.034541   -3.594523   2
   13.214547    8.874418   -3.091480   2
   -2.002537    4.639564  -13.610383   5
    2.933140   13.420217   -7.972964   2
    5.379531   -5.093510  -15.516906   8
    9.822538   -3.412697   15.214146   7
   -5.904202   13.844392    8.064447   6
  -11.623498   -9.097706    3.971340   1
   -7.587446    0.329609    3.452538   3
   -0.031094  -15.221085    6.971502   9
   11.003522  -16.791162    7.087317  11
   12.824706   -1.768512   11.964472   7
    1.442353   13.745629    6.867208  10
    1.963856  -10.048499   16.753645  12
    6.036574   13.571958    0.057892  10
   -2.323036   -6.372374   12.009148  12
    5.163783   17.230050    2.335352  10
    1.067290    1.793083   13.166825  12
   -1.719949  -16.861552    2.654390   4
    3.728134    8.564822   -8.549432   8
    0.313678   -2.954005   -1.761730   8
   -2.740245   -3.067771  -16.398664   8
    2.195181  -12.817940   -3.686441   4
   10.015334   13.730448   -9.487489   2
   -5.186385    6.330383  -12.000388   8
   -8.797452   -6.807218   13.653540   9
   -5.335831   20.871636    0.260859  10
  -13.935393    3.662852    8.371563   6
    7.028126   -7.647829   12.620211   7
   -8.780950  -11.464430   13.753517   9
   -8.034736    2.155462    2.218047   3
  -14.508800    1.548252    4.625410   6
  -13.500750    7.249932   -4.985892   6
    3.174788   -8.455868   16.302019  12
   -0.007289   -0.841186    9.960794   3
   -0.000054    6.879326    9.034314   3
   -5.666851  -14.364174   -6.587583   4
    5.916963    8.977477   -8.859470   8
    2.910563    2.503377  -17.821195   8
   -2.478824   -9.843206   10.410621  12
   -0.187754    8.889838    2.350129   6
   16.170288    3.807625   -1.784993   2
   -9.369334    8.786500   11.698037   6
   -3.716988    0.901436  -17.194915   8
   -1.081704   10.857537    3.537872   6
   -1.452261   16.792027   -4.225758  10
   12.282985   -1.855171    8.513496   7
   -3.023541   -5.869141  -11.395477   8
   -8.386742  -13.838920   -0.701824   4
   -0.417073    0.142150    6.660335  12
    1.795150   -3.065599   -7.201922   3
    9.787853    2.215593    8.723755   7
    1.920990    5.094865  -12.186728   2
    5.299448    6.137232    0.188065   2
   -7.947230   -7.235415   13.624334   9
   -3.288728  -18.657394    0.513901   4
    1.108524   12.585514   -8.968722   5
    0.549758   -4.325981   -3.448773   8
   -6.661626    7.663658    9.614164   6
   -8.411196   13.767075   -7.682177   5
  -13.145283   -8.331920   -3.718497   1
   -9.384678    5.998260   -4.346681   6
    1.314446   -2.134688   -8.978837   3
   -0.452613   -7.943520   13.308642  12
    1.939921   10.815486   -4.059248   2
   14.852839   -1.490967   -7.820514   2
    8.010644  -20.187480    4.473346  11
  -13.222565  -12.769291    4.521509   1
   -2.546677  -17.282136   -7.471850   4
    1.349959    0.053295    4.503557  12
    9.713825  -11.331535    4.766965   7
   -7.934236    0.332887    1.199537   3
   -9.433709   -9.170293   13.511729   9
   -0.752709  -14.701061   -9.528105   4
    9.179437    1.988727   10.742314   7
  -14.419032    8.133142    9.021962   6
   -4.860301  -15.297535   -2.012050   1
   -1.022300    6.165551   -5.738625   8
   -2.361071   -7.524299   -3.505295   3
   -2.154183    2.530630  -15.158230   8
   15.389787    2.013523  -12.501664   2
   -0.909436   -4.127109   -3.808813   3
   -9.475071   -7.037473   -3.514169   1
    3.606156   -1.141790   -6.549763   3
    3.369512   13.412779    5.849914  10
   -3.115643   -1.870179   -8.787192   3
    6.513481   -8.751214   10.295169   7
    9.314355    2.221802    5.291134   3
    4.148634  -14.647599    1.311904  11
    3.084438    2.251259   10.297197   3
   10.642667    9.950595   -5.358619   2
   -5.119560   15.297853  -12.204375   5
  -13.092193    4.694654   10.278370   6
   -6.806968    1.153703  -15.482391   8
   -0.386828    7.422459   -7.006660   8
    6.636605   -6.511334   -5.126397   8
   -1.964077   -3.480711   -8.614779   3
   -6.434150    3.949346    1.616994   3
    1.642597    0.768159    1.043622   3
  -16.506425    2.097224    1.952795   6
   -7.783527   -1.933302    3.534580   3
   -3.093241    4.983709    1.886163   6
    9.688340   -8.240799    0.548381  11
  -12.367223    9.782452    8.223680   6
   13.257983    2.151898  -12.517117   2
    6.103048    0.518079    4.140129   7
    1.817393    0.160740   14.767374  12
   -0.287390  -20.672933    1.064673   4
   10.385161    9.105424  -15.901034   2
   -5.674383    8.079285    2.319636   3
   -0.260128    2.600987  -12.819247   8
    4.312513   18.945196    1.166520  10
  -14.186307    2.414760    6.493616   6
    6.865535   11.048015   -7.653287   2
    3.585757   13.836688   -4.407061   2
    8.738837   -4.954181  -12.650248   8
   -1.315898    2.045936   14.971534  12
    4.552431  -11.030929    3.812343  11
  -16.114343    7.945439    4.076433   6
   -0.768775   -8.907782   11.289399  12
   -0.019560   -1.859496   15.576640  12
   13.461483    9.724033   -4.781097   2
   13.437036   -5.694477   11.005458   7
    1.524845    8.751356   -3.940095   2
   -4.617914   -4.012292   11.169054  12
    2.622980    4.072433   -5.431845   2
   -7.225437   -1.058723    0.243504   3
   -7.490546   -3.419262   -1.709212   3
   -0.206395    7.374614    0.554627   6
   11.964390   -8.086777    7.022281   7
   -9.184003    6.294783    9.294930   6
    7.309942  -19.533420    6.591151  11
    2.131565    8.403148   -2.015908   2
   -8.691370   12.211965    3.397342  10
   -2.141143  -21.583610   -3.361596   4
   -8.505661   -2.000892   -4.514572   3
    8.299659   -6.678368  -10.437165   8
   -3.813802   -4.475580   13.151324  12
    3.736683   -6.565935   15.275005  12
   -5.897298  -20.050202   -0.125182   4
    5.531754   -3.137589   -2.988009   8
    4.889409    2.869977    0.671203   2
    6.588075    8.721293   -2.940210   2
    8.003120   -6.840757   15.933478   7
    5.028222  -11.743603   -1.764027  11
   -7.707360   10.464112   10.664961   6
    5.122532   -2.260053  -12.902709   8
   10.942466  -12.425736    7.368266  11
  -11.415994    0.936354   -0.070977   6
    4.939831   -2.731803   -9.816734   8
   13.329532   -4.531620    8.681713   7
    5.831396   12.998417  -11.272627   2
   -0.354578   20.699607   -2.324164  10
    6.032835    6.580691    8.158732   3
   -1.834022  -13.075959   -8.632561   4
   12.318371    5.250074  -17.124562   2
    9.425574  -13.852419    8.456962  11
   -2.268869  -16.704141    1.375043   4
   -2.764298   12.793619  -12.912947   5
   -6.667717   -5.577912   -2.173254   3
   -4.068015  -18.012671   -5.907527   4
  -13.620483    3.352953   -4.332544   6
  -10.231524  -15.211220   -2.624081   1
   -7.749584   -6.587791    6.130658   1
   -3.463531    9.089889   -9.062918   8
    9.241580   -0.786776    5.631035   3
   11.574216  -10.391958    7.169417   7
   -6.430467   -0.302299    2.194989   3
    0.371478  -17.451539   -2.926091   4
    8.460553  -11.900573    7.838120  11
   -5.271898   12.119050   -5.257398   6
    5.896138   13.027816    2.251772  10
   -5.074862   -2.810263   14.628966  12
    1.414660   -7.641490   -4.009916   3
  -16.032391    6.889189    8.238133   6
    1.029828   -7.573156   -0.124604   3
   -1.470304    0.610108   -8.520270   3
    8.845921    5.744080   -9.051921   8
   11.995808  -15.758304    0.479758  11
   -4.767742  -11.595120    6.573860   1
   -5.002817    1.863397   -8.266522   8
    7.032732   13.755907  -12.851397   2
    4.210177   -3.142559    4.439500   3
   -5.716346    9.693701    4.153610  10
   -7.238480  -12.370901   -4.600423   1
    7.967688    5.538193    6.666414   3
   -4.862402    2.006235  -15.811624   8
   -5.688436   -4.233712   -5.851979   3
    9.846399   12.555070  -14.116289   2
  -16.449809    5.677554    4.227806   6
  -11.377596   12.335235   10.283059   6
   -3.852342    6.982477   10.753225   6
   -4.940298  -11.831612    1.982665   4
   -0.076704   -3.785908   -8.064679   3
   -5.942050    0.290813  -13.671175   8
    2.380526    4.213377   -1.644115   2
  -10.448692   -7.286194    2.265983   1
   -4.610440   11.070208    3.196637  10
    4.249353   15.159750   -3.821923  10
    8.913896   -9.437784   10.517996   7
    8.153435   -5.804374   -8.537798   8
    8.904679   -4.608588  -10.344735   8
  -12.074207   -4.020387    2.084369   1
   -4.831575   -5.704900   15.079928  12
    1.563485    4.564545  -10.939247   5
   -8.276475    9.270746   -0.687036   6
    0.162901    7.025661  -15.796608   8
   -5.623556    0.066073   -0.751319   3
   10.831618    3.898343  -16.126438   2
   -4.354553    7.856543  -10.534659   8
   -4.022691    8.524233    3.656365  10
    3.324994    4.319343   -7.685435   2
    5.992062   -9.209896    3.172473  11
  -15.161368    5.248690    7.228234   6
  -13.943787   12.399890    4.330604   6
   -6.334752    3.419447   -7.947403   5
   -6.925526    1.749147    0.436656   3
   -9.289723   11.433374   -5.109285   6
   12.337461  -13.276752    5.230027  11
    5.218738   -7.981389    8.542904   7
   -3.712447    4.334626    4.976185   6
   11.642144   -6.520986   14.999011   7
    4.931067   12.383737   -5.552212   2
   -5.452893    6.909832    6.478567   3
    5.514101   -4.347214    2.561831   3
    9.345104  -19.952621    6.668754  11
  -11.908995  -13.753076   -1.853012   1
  -13.952729    5.219590    7.903329   6
    7.140960    1.288812  -16.117466   8
   10.004915    0.385358    6.104209   7
    8.685932    0.363688  -13.034259   8
    2.836102   -2.024373  -11.641842   8
    7.169865    5.784429  -13.844128   8
   -2.999117   -9.395722   -1.196735   1
   -7.101852    5.186314    3.893883   3
    8.053689    1.221684    4.559946   7
    0.848685    3.626314  -18.206447   8
    7.363048    8.371680    0.059503   2
  -13.107690   11.759825   -1.623052   6
    3.737176   -0.513635   -1.525363   8
  -12.875413    0.734000    5.861137   6
   -6.844510    3.381997    8.992348   6
    5.658425   -9.622608   -1.179847  11
   -1.214679   -7.587012   19.275475  12
   12.168764    0.550453  -12.819752   2
    1.964251   10.440547   -8.682768   5
    7.118143   -6.122879    3.124115   7
   -5.872901    7.091355   -5.259088   6
   -9.634139   12.535501  -11.996831   5
    3.410117   18.648475    3.228080  10
   -6.114226   15.769679    4.592279   6
   -2.934859  -11.479493    9.475075   9
    1.313069    3.859102    7.610427  12
   -6.416300   -9.181600   -1.344169   4
  -10.501348    1.678996    8.934226   6
   -6.211262    4.923707  -10.956653   8
   13.684930   -1.319974   -9.611193   2
  -14.902788  -11.026156    4.956917   1
   12.402823   -3.971113    6.497877   7
  -12.838063   -8.326754    7.880942   1
   -1.957488    0.383382    4.522105  12
  -11.165441   -8.209084   -4.577397   1
    2.476678   12.485957   -3.104195   2
    0.594780    5.720312  -17.622339   8
   -1.397307  -10.520495   12.494243  12
    7.833525   -4.437695   15.554377   7
    7.215342    1.054670    8.010708   3
    9.008328   -0.344328   13.433069   7
  -10.903402   -5.167666    0.663557   1
   -2.686970    8.152140  -13.873432   8
    1.107969    3.284094    5.767177  12
   -3.685864    3.560005  -12.781221   5
    6.326494   11.522951  -12.674027   2
  -11.008601   -7.045068    8.084553   1
   -8.499779   13.722132   -0.904142  10
   -0.066743   -0.848169    6.823166   9
   -0.529761   12.721592    6.951694  10
   10.345656  -18.243994    6.081335  11
    6.354619   -8.120561   16.027574   7
    6.533726  -10.474918   -3.051050  11
    7.569856   12.217069  -14.378874   2
  -10.475175   10.207649    1.190242   6
    7.027350   -4.914178  -11.389009   8
    7.790425   -4.878886   -6.584884   8
    7.012600   -7.038385   -7.238868   8
   -3.129943    5.365185  -16.708174   8
   -5.084090    3.852881    7.821179   6
    3.770247    3.603973   -3.256382   2
   -1.658823   -2.856827    8.838774   3
   -6.725157  -18.005926    2.180667   4
   -3.482547   12.182071   -3.967038   6
    3.415260   20.421529   -0.001885  10
   -0.349980   20.040069   -1.974375  10
    9.980660   -7.820476   15.778071   7
    4.613789   17.370871   -3.349310  10
   -7.006004   -3.432950   10.689490   9
    0.624010   -0.572019  -17.836849   8
  -10.562384    0.889062    6.792023   6
   -5.873109  -14.859549    3.564851   1
   -7.597596    8.647482   -3.050444   5
    6.719153    0.508209  -16.128834   8
   10.138386  -11.734202    8.781041   7
   -5.541017   -4.502065   14.619045   9
    4.816750   -5.033696   10.941530   9
   -8.172125    6.809694   -2.967785   5
  -12.032048   10.843801    3.933346   6
    7.725025   14.044512   -8.417394   2
   -8.074093  -16.977039    0.664990   4
   -7.027681   16.039434    3.568335  10
    5.971547  -20.212210    3.462659  11
   -5.584574    4.963854   -3.957904   6
   11.757402    7.484045   -3.862600   2
   -6.668269   -3.883927    8.242982   9
   -0.339248  -11.544981   -7.744983   4
   -0.066674   -5.733950   19.920312  12
    9.595325    4.769657    5.394260   3
   10.042375    8.902996   -0.590641   2
    7.808732    4.061398    3.780674   3
   14.898383    3.533073  -11.982621   2
   -0.571928    1.075485   -2.907886   8
   -6.779495    2.880059  -11.529711   8
   -8.468974    5.593207    0.073861   3
    3.445014   -6.875432   17.629551  12
   -4.313099   -7.694732   16.441622  12
    8.457028  -19.003150    5.076086  11
    1.504374   11.522159    6.560931  10
    6.952488    8.321442  -10.909829   8
   -6.671961  -10.818654    7.348823   1
    9.521076    3.820204   -0.473892   3
    4.597477  -18.293685    3.309488  11
   -4.503259   -9.459061   -0.596061   4
    6.919853   10.888374  -16.018491   2
    8.119986    4.682455   -7.349403   8
   -4.175433   -2.018357   -9.998602   8
   -6.744314   -6.244855   15.316067   9
   12.580292   -0.149126   -4.818778   2
   -1.498733    2.662729   -7.305416   8
   -3.687526   11.226166   -5.928556   6
   -1.298376    4.450721  -17.708963   8
   -5.894807    4.670497  -12.828505   5
    1.549826    7.818305   -7.090901   2
   -6.289763   10.392946   -9.340101   5
    7.926027    5.557560  -11.554946   8
    9.462962   13.687383   -4.610147   2
   -4.294871   -9.210588   -4.757830   4
   -1.781941    2.810272    1.145092   6
   15.480110   10.482859   -8.501702   2
   12.741999   -5.011331   13.567734   7
    1.880568   -8.892473   15.016160  12
    3.627378    0.618340   -3.311918   8
    1.768152  -12.715943   -6.996900   4
   -1.946626   -0.762113    9.252195   3
    8.828011   -1.621058    8.075848   3
   -2.791597    0.961615    6.199657  12
    7.188675   -2.462945   -4.054703   8
    4.154565   -0.127886    0.635485   3
    9.508670    1.520362   -0.095053   3
   -1.846838   -3.018684    5.057348  12
    1.767258    1.275642   -7.291807   3
   -1.688637    0.279645   16.680755  12
   -4.246976   10.130541    0.456412  10
   -2.732707    1.493079    6.790962  12
   -3.999677  -21.448404   -0.089526   4
    5.272246   13.207431   -8.352813   2
    9.929847    2.016815   -5.891327   8
    0.149381   -3.227374   15.087168   9
  -12.563469   10.144820   -2.769474   6
   -3.309859  -17.496871    4.223675   4
  -10.329666   -7.149590   12.104152   9
    2.823855   18.448361   -3.361522  10
    6.413114  -11.068596   11.825501   7
    1.998393   -3.273932   16.943572  12
   -0.576027    9.163811   -0.025715   6
    1.794620    7.450120    8.549205   3
   10.878774  -14.622069    6.957046  11
    0.365706   -9.981275   13.912405  12
  -10.459072    6.366818   -8.945073   5
   -8.747121  -10.151777    0.812945   1
   -4.533306    7.339666    7.141357   6
   -6.259157  -13.601105    2.108154   4
    6.864255    7.612254    4.244805   3
  -10.798396    0.752352    3.980171   6
    5.405349  -13.807079    6.881779  11
    1.425648    4.695621   -7.358881   2
    3.038347   -8.743833    7.206419   7
    7.388695    6.323668  -17.874273   2
   -0.166704   15.091565    6.369449  10
  -11.363519    1.822696    5.419753   6
  -11.832304   -5.735942    6.157521   1
   -4.335677   -8.620819   -2.434272   4
    1.726546   -2.787909    9.126233   9
   12.641064    8.684688  -15.553201   2
    9.093678   -5.689095    3.566622   7
   -9.544972   -5.223219    4.974619   1
   -1.549082   16.875201    6.076610  10
   -0.322139    3.818157    0.379317   6
    5.984375   14.362744   -9.869934   2
   -7.904126    4.727883  -12.012410   5
   -2.387470   -9.137646   -5.264507   4
   -5.443787    3.427700  -11.418073   5
    3.071695   -4.514376    9.523846   9
    1.545376   -1.443583   10.900882   9
   -6.510656   19.500702   -3.894416  10
   -4.483967  -20.563111    1.903048   4
    2.615709    6.162737   -1.599229   2
    0.663070   11.372276  -10.808488   5
    5.611882   -2.576766    8.876612   3
   10.115966    6.031299    3.596371   3
   -2.225809  -10.956372    3.815759   1
   -9.754912   11.438832    5.318553   6
   12.786563   -8.466165   11.016484   7
   -7.942328    1.926421    4.383382   3
    2.332928    8.016229   -7.923902   5
   -7.461308   10.240516    0.807903  10
    9.187773   -2.784538    0.525971   3
   -5.613864    3.903425   -6.174575   5
    0.354761    2.964768   -9.362887   8
    7.948920   14.357476   -5.787340   2
    1.978567   -1.503777    3.819797   3
    5.373174   15.024836    3.033791  10
    6.000777   14.971458   -1.678928  10
    1.578872   12.809016    4.954014  10
   -4.701843   -5.784299   10.258378  12
    2.351801    8.487591    3.853587   3
    7.394611  -17.211650    8.935156  11
   -7.794667  -12.506033    6.708665   1
   -8.745057   13.790650  -10.082326   5
   11.860871   10.728643  -15.259977   2
    3.668088    4.741872    0.074299   2
   11.875918  -12.765063   -0.970469  11
  -11.944721   -4.753914    4.228611   1
   10.878361   -9.681519   -3.154743  11
   14.507112   -0.434391   -6.025177   2
    6.389492    9.570716  -17.585958   2
    3.618983    1.810257  -11.774177   2
    3.719119  -16.088215   -3.906218   4
   -7.939260  -14.379984    1.175208   4
  -11.661439    6.905685   -7.288867   5
    6.257743   -9.336632   14.225442   7
  -17.023495    4.836854    6.100489   6
   -6.826543   -6.425120    0.124362   3
   13.104733   -6.866220    9.007662   7
    5.764180  -11.322513    8.612099   7
    5.769234    3.334622   -5.324381   8
   -0.271778  -10.505505   11.425237   9
  -13.352399    8.636629    2.331700   6
    4.573414    6.290646   -5.481441   8
  -12.369217   12.271649    0.415316   6
    9.400882   -1.004698  -11.131012   8
   -7.549893   15.154877   -2.376127  10
   13.599558    6.816349   -1.802476   2
    4.108961  -10.715434    0.141508  11
   -0.050557   -7.671542   -2.299992   3
   -5.760485   -1.966395   13.019344  12
   -6.140187    5.418000   -5.389497   5
    4.359854   14.779144    4.873626  10
    0.859904    6.671712   -8.308941   5
    4.608717   -1.829683    4.740471   7
    9.534525   -5.716462    7.406497   7
   -7.444820  -11.061442   10.745941   9
   12.310456    0.292043    2.608185   3
    6.497223   -9.890361    5.330819  11
    8.836386  -10.272621   -3.112277  11
    5.368891    5.008822    2.801147   3
   -0.014950   -0.915885   -2.463561   8
   -1.903742   -4.262118   -6.494440   3
   10.786576  -10.457820   12.907979   7
    7.058850  -11.756937   10.169992   7
   10.779492    0.391424    8.187219   7
    9.325139  -17.239751   -3.870248  11
    1.152853    9.162666    2.447222  10
  -15.963677    3.249294    7.176263   6
    8.209458  -15.331726   -4.026216  11
   11.358406  -18.790852    1.553856  11
    3.212764  -16.612723   -5.911750   4
    8.241917    1.050751   -5.253006   8
    4.018287   -6.473105    2.034870   3
   11.729380    2.057575   -5.062690   2
    5.314086    1.864652   14.946642  12
    3.021536   -8.713764   14.714707   9
   -1.392022   -2.193158   -2.136916   3
  -15.819839    9.398502    5.632917   6
   -6.237577   -4.898105   -4.122066   3
   -3.666851   -8.389374   13.030497  12
   -8.042763   -5.063782    9.572266   9
    2.793497  -14.016102    9.238565   9
   -2.529100   -9.754344   14.135881  12
   -3.826380   -4.667312  -15.290728   8
   -3.859772   12.053197  -15.045270   5
   15.584537    0.472355   -3.160484   2
   -5.109272  -16.949331    3.255620   4
    8.780827    7.075780  -10.674423   8
   11.590004   -9.819967   -1.112428  11
   -2.598022   -0.689060    8.261546  12
    6.224867    2.068897    1.304561   3
   -7.172835    6.703050    1.320320   3
    1.100678  -11.025415   -0.386438   4
   -5.458908   15.639948   -3.570420  10
    1.129305   -8.417185  -11.079704   8
   -9.515478    5.937282  -10.640034   5
   15.371932    8.421356  -11.989596   2
    0.136965  -16.242765   10.747510   9
   -1.954989   -7.762505   14.965682  12
    1.297485   -4.421001   19.925055  12
  -13.478995  -10.250275   -2.558782   1
   -7.732009   12.230037    7.195994   6
   -5.111240  -14.722502   10.837401   9
  -12.011146   -6.627777   -0.642815   1
   -4.803526    9.441235   -5.573783   6
    9.171938    7.110929  -16.715438   2
   -2.350924   -5.619155    0.041372   1
    3.847997   -9.984513    2.179771  11
    8.163271   -3.938966    1.459843   3
  -11.780019   14.021946    5.413418   6
  -11.354049   10.737529   -4.444102   6
   -1.535078    0.514005   -1.827839   3
   16.405940    2.633514   -7.070533   2
   -2.634309    7.381549   -7.154656   8
   -3.234547  -15.755815   11.950158   9
   -3.626615   -9.589817   -6.907452   4
   12.384728  -10.562243   10.407908   7
    1.409028  -20.582846   -2.173375   4
    5.938192    4.944247   -2.788471   3
    8.723333    4.550921  -13.293471   8
   -3.805968   10.220127   -4.661430   5
   11.334671  -10.627071    8.930649   7
   13.070745    6.768920   -9.555861   2
   -2.090887    3.922221   -0.969797   6
    4.392295   -1.840493    8.272595   7
   -9.293242  -12.111485   -5.192010   1
  -14.069880   -7.207515    2.411328   1
   -8.156282    3.652170   -0.753761   3
   -9.891247  -10.745499   11.846114   9
   10.271779   13.399705  -11.860507   2
   -4.192702   -8.464781   10.926788  12
   -0.341929   15.244804    0.983035  10
   -1.849207   18.214004    2.093624  10
   -0.446229    1.331733   10.046803   3
   -1.547582   11.978622    1.802720   6
    8.996055   10.052123    0.718354   2
   -9.938209   13.426942   -5.943749   5
   -2.131993  -14.831031    7.123604   9
   -4.943830   14.800478    6.158518   6
   -0.695247    8.108016   -5.050666   5
    0.063524    4.549612  -12.491935   5
   -4.863748   -2.590468   -5.916147   3
    8.561757    2.581882   -0.380547   3
   -7.331528   20.171686   -0.192523  10
   -0.256765   -2.312328    5.300178   9
   -2.775393  -19.204700    3.154664   4
   -2.584554    3.390897    3.111681   6
   -1.536079  -12.832184   -1.119103   1
   14.907216   10.176693  -12.973769   2
   -7.482576  -10.159611   15.219201   9
    5.231024    7.895382   -0.497348   2
   -4.425935   14.662366   -0.583345   6
   -6.885503   -1.738967   -8.467862   8
   13.593737   11.923951   -9.854889   2
   -7.803548    3.728745   10.968343   6
   -1.997123    9.031570    4.498438  10
   -5.174797   -6.845445    1.525937   3
   -3.525740   11.476719   -6.324653   5
   11.522303   10.307577   -2.246751   2
    1.666333    3.744451   -9.069713   5
   -7.034210   12.540433   -4.319192   6
   14.994448   10.347998  -10.689327   2
   -0.498844   -9.103749   -4.421171   4
    2.870271    9.195521  -13.234069   2
   -6.578862   -1.337114    4.239866   3
   -1.361927   -1.627079  -17.522388   8
    1.943537   20.673625   -1.444762  10
   -0.220178   -4.392399   -0.855834   3
   -0.469064    3.267942   -8.138571   5
   -9.918207   12.281081   -7.647193   5
    4.092880   -4.122413   -5.659850   3
   -3.066939   -5.661216   -3.419137   3
   -5.937151   -4.015873   -8.997156   8
   -7.163704  -13.968631   11.110655   9
   -4.155572  -14.924857   13.388584   9
   -2.465163   -3.883085   18.358584  12
   -6.815977   14.539368  -13.338674   5
    9.213638   -2.581681    4.296756   3
  -10.628382   -9.227713    7.868174   1
   -2.236800    7.264038  -15.753695   8
   -3.139352   13.597535   -2.409163   6
    6.462826    5.249242   -6.102182   8
    6.095535   -5.662240   10.510714   7
  -14.537079   11.131474    6.560486   6
    3.321546    3.281001   14.895418  12
   -4.712531   -2.511564  -15.733359   8
    5.127816    2.845466  -11.147125   2
   -7.857349    1.325125  -10.116948   8
    1.307058  -12.901959   -1.434975   4
    7.835964    3.954487   -2.607447   3
    5.560821   -1.660682    1.689660   7
    0.339979  -16.520657    1.592764   4
   14.377982    8.007845  -14.048210   2
   -4.598520   -3.031536   11.407468   9
   -7.989257   -3.841110   -3.453025   3
   -8.499060   -0.040551   -0.977836   3
   -4.795235    5.237423    9.453807   6
   -2.471574  -14.879006   -1.638689   1
   -6.174677   -3.542480   12.811460   9
   -9.937747   15.017173    4.781552   6
   -9.845205   -8.204710   -0.772068   1
   -3.026617    9.005691  -11.528847   8
   -7.677509   -8.047892   -4.470643   1
   -7.258659    3.499746  -10.118367   5
    0.606168   -2.681042  -17.455425   8
    3.786291    2.981793  -13.889785   2
    4.881283    0.459361   13.176523  12
   -8.392064   18.686076    1.349517  10
   -1.183535   -0.636459   -4.211767   3
   -8.015580    9.321190    4.006169   6
    2.965190   -5.407013   19.040339  12
    5.540334  -11.462108   -0.413823  11
    3.907303   -3.660039    3.852091   7
   -9.593488   17.215192    0.307949  10
   -5.440516    6.918202    0.836607   3
    2.220855    9.421402   -3.763736   2
   -8.172062  -15.873056   -1.336068   4
   10.473901  -18.247794    0.631786  11
   -0.005951   -1.432053    9.094905   9
   -1.420780   10.760827    5.699652  10
   -0.723978    1.992710    5.280870  12
   -6.711214   -8.032189   -0.789128   1
    2.229686   15.609276    5.646848  10
   -5.097371    2.315960   -9.569130   5
   11.492550    0.811034   -2.685168   2
   -3.009652   18.581132   -4.373990  10
   -2.515608    2.532312   10.334428   3
    0.611226   10.017882    4.956884  10
  -13.835011    4.636799   -2.572314   6
   -9.005704   -9.634073    3.777021   1
    6.094720   -0.333009   -0.926882   3
    7.501425   -2.467637    2.017397   7
   -4.311834   -0.792063  -12.832976   8
    5.410876   -5.258834    2.510977   7
   -8.206673   -7.260945   -3.230138   1
  -13.756895  -11.533914    0.939640   1
    5.225334    1.372492  -12.877129   2
    7.225942   11.557288   -1.918676   2
   -3.592842   10.227938    5.154253  10
    5.251130  -15.697990   -0.536148  11
   -1.358564    6.579739  -17.494433   8
  -10.869024    9.283594   -2.290387   6
   -5.161717   -6.817573    1.743406   1
   -9.685810  -12.453917    7.103442   1
    8.646839   12.514179  -12.507980   2
   -6.192339  -13.842205   -3.448803   1
    8.776791  -18.031321    7.630703  11
  -15.442662    9.599756    0.339609   6
  -13.423375   12.819077    2.127491   6
    7.512813    5.126827   -9.807458   8
   -3.634280    5.606347   -7.289582   8
    0.633635   -9.399473    6.419580   9
    7.457044   -4.266764   -0.960369   3
    6.717334    5.289486  -12.400730   8
   -3.688111    1.769052    1.739492   6
  -11.161327   13.917188    1.337335   6
   -2.329705   -8.073853    2.503210   1
    0.077208  -21.487594   -3.656613   4
   10.354479   -5.119841   14.567584   7
   -9.282487    4.828987   11.947417   6
   -6.230446  -13.087981    8.955265   9
   16.183975    1.206076   -5.307221   2
   -8.397155   -3.791644   11.866741   9
  -13.612414    9.178385   10.649396   6
  -12.826481    0.373577    1.560014   6
   -7.773773   -3.911948   -5.506359   3
   -4.437931    9.373125  -15.436492   5
    5.741872   -2.199812   12.252022   7
   -2.415538   -6.300379    3.797851   1
   -7.462722    5.812834   -4.343313   5
   -1.340083    8.916899  -12.461682   8
   -8.935001   -7.932673    7.615239   1
   -8.851285   -2.651948   -0.287311   3
    1.332747  -17.516808   -7.136662   4
   -3.133986    0.654976   15.101452  12
    6.548308    5.620454    6.716428   3
   -1.890645   -3.960916   14.992219   9
    8.720777    6.862425    5.131561   3
   -9.239204   -1.023073    1.696663   3
   -3.343760   -2.519678    9.605160   9
   -4.759226   15.002684   -7.917056   5
   -8.703139    1.999455    7.685088   6
    2.095676   10.699617   -1.782889   2
   -4.703669    4.140588   -7.021661   8
    3.746068   10.717041  -13.952241   2
  -10.622635    8.208222    3.313027   6
    4.951907   12.455873   -2.525200  10
    5.520228    7.640082  -17.443581   2
   -0.431676    0.669651    3.612839  12
    8.071450   -2.246122   14.046986   7
   -4.188427   -6.393160    5.236645   1
   11.090179    7.249509   -6.486275   2
    7.139200  -11.145270   14.019214   7
   -3.734956  -20.155126   -4.414616   4
  -12.473034    1.830130    7.801062   6
   -8.834278  -11.186736    6.307465   1
    2.270501   12.578604   -5.550784   2
   12.358645    2.293965  -14.541669   2
    9.841508    2.366394  -10.968642   8
   17.354073    7.023649   -9.134782   2
   -4.327133   10.615400  -14.177198   5
    5.661503   -9.455879    4.650412   7
   -3.746862   -1.263058   16.138213  12
    4.641171    4.270092    7.831869   3
   -9.126558    6.289007   -1.649693   6
   -0.492838   -3.543465    4.384034   3
   -7.669604    2.875702   -3.479886   6
   -6.962600    0.024779   -7.049725   8
    6.957522  -11.705516    6.862568  11
   -7.952558  -10.375143    0.131261   4
   -5.275274    5.635888   11.523333   6
    2.381699    7.979510  -11.510340   2
    2.783791   -2.653883   -6.372232   3
   -5.819037  -10.012068    0.944140   4
    3.093333    9.208036  -15.471529   2
    3.497679   -5.159258    2.403894   7
    9.370830    0.081021   -6.846133   8
   14.926946    3.344549   -6.484390   2
   10.837187   -0.870442   -3.819603   2
    8.071346  -12.421504   -2.761268  11
   -1.866208   -1.207568   10.080060   9
   -0.083037   -0.946098  -16.671782   8
   10.209748    1.262010   12.481847   7
    7.323222    7.944375  -16.459173   2
   -4.467844   -3.524820    2.673568   1
   14.954623    7.346174   -3.678531   2
   -2.180904  -12.144096   11.926707   9
   -1.680872   11.191021   -5.482089   5
   -7.368563    5.565604    6.213496   3
    7.202537   -0.850300    9.236819   3
    4.090902    7.679359   -5.545859   2
   -0.323367   -0.553232   12.828216  12
    7.621474  -11.574650    5.183416   7
    6.068650   -3.995433    7.246248   3
   -9.886209    9.179378  -11.537172   5
   -3.940300   21.087013   -1.379779  10
  -11.069030   12.222877   -2.839622   6
    9.146906   13.231219   -2.460537   2
   10.781527   12.107004   -3.381880   2
    5.539240    3.492549  -14.920897   2
    3.619868    1.620071   13.723084  12
   10.630724  -11.624807   11.180046   7
    4.161183   -3.380200   18.529076  12
   -1.733826   -3.401926    6.369274   3
  -16.273550    9.152278    2.390570   6
    0.723930   -8.422159   -9.143549   8
    4.508944    4.933427  -15.142988   2
   -6.922229   15.104475  -11.004807   5
   -4.250890   -3.582568    6.682419   3
    0.223650   13.372510   -3.494463  10
   -2.002402  -16.566871   -1.426014   4
  -11.526737   13.212015    7.157495   6
   -3.680611    6.925802   -3.641354   6
   -4.331542  -13.906583    8.528891   9
   -4.304156  -15.943550   -6.924644   4
   -1.483196  -11.811395    1.287926   1
   -5.907177   14.105225   -2.856180  10
    6.414432   -2.332527  -16.989358   8
   -3.122866   -0.943926  -16.415455   8
   -2.873363   -7.143768   -9.752492   8
    5.418062   -5.860556   -0.406261   3
   -1.104987  -10.131781   -6.431204   4
   -0.858986   -1.649329   -8.771470   3
   16.604473    2.297039   -3.323537   2
   12.285143   -9.681273   12.303288   7
   -6.764461   -0.013581    5.744107   3
   -3.423286   16.309794   -4.374775  10
    3.992179    7.688392   -1.982320   2
   -4.118220   11.253589   -7.882993   5
   -4.434727   16.147876   -2.620234  10
    8.578045  -11.597612   12.309627   7
  -11.955932    5.794943    2.311424   6
   -2.208781   -9.812360    2.640746   1
    0.789616   10.798389   -1.748178  10
   -2.265371    4.076064   -5.295452   8
    1.109204  -14.594602    0.200775   4
  -12.638251  -12.189525   -3.275965   1
    1.060758  -12.265092   14.434762   9
   -1.304931    0.539197   15.377699  12
   11.500301    7.202994   -0.935311   2
    4.644281  -12.581299    5.233151  11
   -8.162074  -15.542939    4.386480   1
    2.460699   -7.341294   -2.074020   3
   -3.490520    2.750271    0.115177   6
    0.804516    1.546678  -17.774219   8
   11.482546    4.477434    4.016729   3
    0.028677    8.291637  -13.549280   8
   -7.221827  -11.696531    1.835867   4
    0.401371  -12.746019   -9.175301   4
   -5.272537   18.401885    4.389292  10
   17.289582    4.876896   -6.903497   2
    5.718956  -11.492654    6.270566   7
  -14.988772    1.315727    0.582498   6
   -3.168819  -12.266875    5.002762   1
    7.447552   -0.650166    7.198329   3
   -3.177574   -0.855537    5.021670  12
   -3.113488  -10.280481    5.908972   1
    1.307356   -0.722406   19.364225  12
    3.710023   -3.371557   -1.930334   8
   -3.931313  -13.456622   -7.611376   4
   10.856431   -8.824333    4.138169  11
   -2.873926   -2.954678    9.356865  12
   -3.038578  -11.979795    7.010604   9
   14.043431    4.389436   -1.506116   2
   -2.061163   -5.949492   -5.178048   3
   -2.583401    5.533053   -6.070029   8
   -4.097669   13.551535   -6.420358   5
    4.417146   18.774529   -1.310612  10
   11.105588   -2.977522    5.489185   7
   -1.036658   -7.429459  -11.146845   8
   -4.217983    2.857661   -7.841962   5
  -15.703666    9.765542    7.834079   6
   -3.872173    5.490693   -5.380722   5
   -2.022961    5.780189   -2.333889   6
    1.826200    8.531057   -9.977511   5
   -0.840894    2.874636   -4.007234   8
    2.600763    6.121651   -6.743566   5
    2.819868   -6.045237    6.283872   3
   -7.091075  -15.877420    2.546906   4
   -2.068243   -7.963956    0.451526   1
   -3.011407   13.339405   -0.390346   6
   -0.166837   12.118047    0.686705  10
    7.914839   -3.385632    4.265240   3
   11.055568  -11.952431    2.183250  11
   -4.453016   -7.135073    4.535025   1
   -3.959803   -4.935762    3.830636   1
    9.666979    4.695601  -11.162936   8
    1.854175  -13.222179    8.201962   9
    1.029260    0.225913   10.147362  12
    0.037118   -2.561945    1.855875   3
    6.482261    4.816175    0.610948   3
   -8.878099   -5.767878   11.507684   9
   -5.748401   -4.355859    9.890719   9
   -9.708239   -6.199565    6.686069   1
   14.746677    2.199659   -1.872514   2
    7.842325    3.122503   -5.748951   8
   -8.953987   -6.219755    7.789797   9
    9.624419   11.208008   -1.371048   2
    5.942462   17.984436    0.346591  10
   -5.012888    0.603142   10.232222  12
   -7.761467  -11.437789    8.223268   9
   -4.596548    2.464797  -13.089901   8
   -2.230940  -14.107932   -0.399429   4
   10.232115  -10.281079    0.218922  11
   -0.515238    8.458910    3.517061  10
   -3.373725   12.029741    1.004591  10
   -0.309111  -11.131559    8.227539   9
    9.414664    1.363603  -10.320265   8
    1.760590    0.371151   -2.449644   8
    1.716899    3.834783  -11.494524   8
   -6.493017   -5.678032    5.457855   1
    2.071285   -1.696777   -1.740308   8
    2.360508   -2.166732   13.485592  12
    4.112231   -0.889288  -15.621822   8
    8.167796   -9.418954    7.220646  11
  -14.398702   -8.764665    4.106003   1
    2.751589   16.620767   -4.564168  10
   12.708944   -6.095082    7.003972   7
   -9.396287   -7.249191    9.683568   9
    7.167886  -17.094378   -3.450193  11
  -13.787813    4.224795   -1.550262   6
    5.631983   -4.913800  -12.208849   8
    2.857563   10.498989    3.333387  10
    2.605266    4.773132  -17.389877   8
   -4.079776  -14.571467   -3.426774   1
    5.212561   -2.428142   -6.299208   3
   -2.876179   -7.498970  -12.729085   8
   -1.577113  -11.120717    5.622466   9
   12.538542    8.882140   -0.996189   2
   -8.657963   12.266693   -8.679145   5
    0.657662   10.298040    3.673656  10
   12.126409  -17.718580    5.155105  11
    3.655798    2.971417   -0.942828   2
   -3.153892   13.895700    4.882711   6
    7.780305    7.503234  -12.658801   8
    4.307990   -5.179098   17.167991  12
  -10.176806   -5.759603   -1.501057   1
   -7.767140    7.700597   -7.009368   6
   -6.072770   20.722480   -1.954288  10
   -9.428426   14.760276    0.975879  10
   -2.969429    2.328416   10.502060  12
    3.923831   10.950996   -0.669662   2
   -0.938563   -7.767598  -13.430842   8
    2.083685    2.890025   16.550234  12
    9.487541   -1.700840  -13.561493   8
   -5.347310   -3.895384  -13.880557   8
   -5.228552   -3.384932    0.977378   1
    7.683439  -18.954254   -0.081703  11
   -1.057881  -10.464963    0.152303   4
    1.232807   13.511208  -11.048919   5
   -0.587790    4.291122    2.554439   6
   -2.180546   -4.195501   -8.737300   8
    4.717398   14.481445    1.323680  10
   -0.861688   19.122462   -4.275510  10
   -5.851851  -12.755865    8.731113   9
   -6.267744   13.896515   -6.764824   5
    5.785064    3.158444  -14.786141   8
   -9.773828   14.383740    6.832788   6
   -4.385821   15.843480    1.636787   6
    8.906654  -12.183745   10.227934   7
   10.121025   10.322313  -14.021573   2
   -2.171376   -0.711675   -7.254328   3
   12.438360    1.834598  -12.747875   2
    2.522581   10.042206    0.043973  10
   -5.854811    8.993908    2.090213  10
   -5.592299   -7.147649    7.035815   1
   -2.807585    0.095716   -7.358282   8
   -1.207755  -15.845028   12.569855   9
   -5.373439   -1.404386    6.655423   3
    9.186496    5.887375   -4.296508   2
   -1.172007    5.104338    4.597530   6
  -11.320084   11.593514   -6.153678   5
    5.407250   11.679168  -14.682846   2
   -0.051980   -5.605210    6.874243   3
    3.064130   -7.994510  -11.753741   8
   -9.712189   11.859798   -4.103003   5
   -4.464469   -7.076965   14.585570  12
   -5.956652   13.274728  -14.920802   5
   -4.121581  -16.297041   -3.796823   4
    7.498497   -0.888563   11.972574   7
   -6.494678   20.192683    2.067725  10
    3.021012    1.670906  -13.792867   8
    8.372726   -3.464132  -14.083662   8
   -0.466349   -1.215317   11.642722   9
   -5.125066  -15.098804    2.738879   4
    2.788384  -16.876286   -1.966766   4
    2.026188   -5.841782   18.178000  12
   -2.978576    3.846626   -6.929376   5
    9.210276    0.559488    1.769213   3
    7.707895   -8.481086   -0.132352  11
    1.716651    6.700532   -3.337057   2
  -11.353468    8.969551    5.901297   6
    4.113505  -10.406311    8.142402   7
   -4.220353   -9.112388   14.992058  12
    0.458723  -12.501491   -1.596141   4
    5.500930  -18.077261   -0.143076  11
   -3.706659   -9.987729   12.650322   9
   -3.235159  -15.446422    3.314391   4
   -5.064710   -9.382416    7.518496   1
    3.056633   -4.724051   -2.830799   8
    6.550374    5.505191   -1.584893   3
    2.576091   -6.511412   14.001409   9
   -3.936842   -5.633927   17.340760  12
    4.581991   -7.368744   -4.772737   8
   -5.256526  -10.046171    9.801785   9
    0.908368  -14.418680   -8.261003   4
   -4.311853  -12.743034   -3.747609   1
    5.966629    1.103292    9.450285   3
   -0.530257    3.334517   10.675869   3
   -6.255212    5.317511   -0.338862   3
    4.632968    9.639482   -7.412780   2
  -10.879826   12.239647  -10.381260   5
   -3.158736  -14.535628   10.290604   9
    9.523384  -16.090776    8.461639  11
   -5.591588   -8.565234   15.323635   9
    7.341370    1.158941    4.230068   3
   12.237549    0.019776  -10.163669   2
   10.470179    4.386703    2.085314   3
    2.452868   -5.515271   -5.669182   3
    6.372063    0.361534  -10.774630   2
    7.761226   -9.924888   -1.462497  11
    2.143964   -9.149349    4.228536   9
   14.213283    1.115064   -4.669134   2
   -4.032838  -13.791734    1.978845   4
   -9.882063   11.690866    8.796667   6
   -5.214342  -12.294101   -5.739553   4
   -7.016891   10.819390   -5.873155   6
    0.542146   -0.124832   -8.545548   3
   -5.948468    1.107079   -5.759198   8
    4.976283    8.267167    5.068234   3
   -2.337241    2.331416   -9.132288   5
   10.290206  -11.566009   -4.197192  11
    9.625203   -8.638716   -1.602502  11
   -2.465937   -1.580067    3.996070   3
    7.472947  -14.141179    7.631082  11
    9.742005   -0.808576   10.349223   7
    0.447646    9.477718    0.392434  10
    8.212736   -5.234780    2.168559   7
   -1.999048   18.226712   -3.315532  10
    7.569027    6.535237   -7.305141   8
   -3.291058   -3.489208    0.663147   1
   -1.677349   -6.291132    1.798155   1
   15.691817    4.119066   -3.883020   2
   10.878067  -17.041128   -2.211937  11
   -9.107248  -12.879373   11.774974   9
   -5.068166   -0.239380  -15.667731   8
   -1.448573   -5.520057   18.851260  12
  -15.127999   10.393883    4.183172   6
   -3.501225   -7.215401    9.832320  12
   10.381054    3.711920   -3.219388   2
    0.202711    2.060074   16.690042  12
   -3.814419    7.888690   -4.298073   5
  -10.336076    8.863279   -5.101182   6
    5.937851    1.230203    7.445741   7
  -16.653357    7.889271    0.541654   6
  -13.219761  -11.075815    4.829870   1
    4.232291    0.921095   10.268625   3
   -1.031973   -7.311042   -8.565085   8
    5.256893   -1.629635   17.625356  12
   -2.898882  -13.937175    7.667874   9
   -9.451607  -14.030264    5.552246   1
  -13.916284  -13.097182    2.355479   1
   -8.476119    9.536412   -6.379624   6
   -1.418554   -5.842765  -13.465237   8
    3.055851  -18.081874   -4.121722   4
   -2.471170   -9.838999   16.335267  12
   12.744263  -10.630174    3.413124  11
   -6.154590   15.586669    0.403183   6
    8.329249    6.936817   -6.854014   2
   -7.685815  -13.315340   13.295551   9
   -2.719735  -11.462502   -7.604372   4
   -0.787428   -1.213711   -9.405830   8
  -10.822670    7.667418    0.272400   6
    6.758700  -15.277081   -2.230872  11
   -0.354045  -16.198981   -7.943731   4
   -2.539841  -10.862606   -6.126876   4
  -12.851236   12.306977    8.379333   6
   10.611920    2.827753    1.141448   3
    8.506807   -2.047201   -1.344687   3
    2.762620    6.295534   -3.842675   2
   -5.326026  -15.915900   -0.318476   1
   -6.772813   12.510225    9.920463   6
    3.560785  -12.301255   10.716803   9
    8.601916   -3.414750   -5.318394   8
   -1.051823   -6.705179   -2.393061   3
  -16.112194    3.511759    0.346118   6
    1.414030  -20.718110   -0.066540   4
   -4.825281   -4.547018  -11.861809   8
    6.183470    5.777942   -5.478271   2
   -9.156381   19.089253   -0.683257  10
    6.241351  -17.670005    7.036968  11
    8.731687   -2.482774   -7.407405   8
   -4.780066   -6.777921   12.371249  12
   -9.186993    3.577656    3.069497   3
   -6.206390    7.151398  -10.266035   8
   -4.994719   -6.642747   11.897057   9
    8.307379   -1.345646   -5.718690   8
    9.372237  -13.568799   -4.673496  11
   -1.172424   -0.928581   10.255769  12
   -1.629439    1.738397    2.008548   3
    5.755218  -19.016030    5.183135  11
   -9.442917    3.402109    5.029141   6
   -6.776062   14.885426   -8.830468   5
    9.792824    1.726714   -8.214751   8
   -8.604477  -13.999647   -4.214690   1
   -7.088788   -6.147239    9.530211   9
    7.024818  -13.768801   -0.197890  11
   -3.455366   15.692747    2.132027  10
   -2.383616   -8.824045   14.890175   9
    4.525922  -17.172347    5.164468  11
   -8.421757   12.028191  -12.182723   5
    3.674635   -6.626494    4.764923   3
    6.728492    0.147320   -8.324433   2
   -3.749332   -0.180165  -16.012045   8
    3.433725   -7.028514   -0.135693   3
   -9.966067    6.228423    5.412884   6
  -11.785873    2.285603   -3.955723   6
   -4.980270  -19.013107    3.357227   4
   -2.333817  -20.835413    1.882369   4
    9.653333   -4.278369    4.776841   7
   -1.926086    0.820775  -11.206069   8
   -1.902408   13.011755   -6.530042   5
    3.830698    2.965532   -8.959192   2
    9.483800   -4.291318   -8.168226   8
   10.443747    7.044369   -9.189093   2
   -6.835904    8.757431  -14.071437   5
    3.726571  -13.383475    3.405088  11
    1.376084   -5.028855   -7.302669   3
   -4.682444    4.545662   -5.795296   5
   10.145168   -1.415111    6.493168   7
    2.251789   -2.765950   19.492341  12
   -4.251813   -2.943846    7.607086   9
   11.523950    2.513237    2.885431   3
   10.496269   -2.622977    2.269120   3
    6.846100   -3.680747  -15.504046   8
   -4.663192    4.044366  -15.864283   8
    9.171763   -2.995494  -11.886009   8
   11.774636   -8.630873    2.138111  11
   -1.702942   -8.066751    9.160853  12
    3.964800    1.908480   16.596678  12
   -3.999917   -3.183359  -14.622972   8
   -0.109458   -9.399525   -2.004343   4
  -16.560074    5.735288    0.362389   6
   12.522864    2.672340   -1.708539   2
   -4.483907   20.052660   -3.448369  10
   -1.698401   13.006074    3.697966   6
    3.022209   20.405302    2.188635  10
   -5.608354    2.991059   -2.743147   6
    7.817568  -15.262053    9.460496  11
   -2.674398   -8.473416    4.524255   1
    1.937679    4.285164   13.395395  12
   16.120378    1.833164   -9.058126   2
    5.412598  -10.272400    1.746326  11
   -0.943888   -4.176945    4.712246   9
   -8.486871  -13.324660    9.480658   9
   -7.015973  -13.637974   -3.392242   4
   -8.047718  -10.162314   -5.490915   1
   -5.043222   -1.798022   -6.967084   8
   -5.571712    6.592809   -3.737974   5
    1.548998   -9.428547   -3.937106   4
   12.866479   -9.901733    0.948218  11
   10.978911   -6.307923    5.224387   7
   -9.969443   12.971765    1.739197   6
    3.200069    3.341841    1.812636   3
    1.198848    1.969490   -3.819641   8
    3.874659   -4.180733   -0.444257   3
    0.307864   -6.789800  -10.026380   8
   11.666155   -8.008188   -0.078197  11
    0.579640  -15.273192   -1.178758   4
  -10.297701  -10.069521   -5.472702   1
    5.566668   -8.663984   -8.437588   8
   -8.793386    8.820353    7.206560   6
    0.014569   -1.614627  -12.106092   8
    3.067869   -8.783958   -9.557463   8
   11.946929   12.953187   -8.220844   2
   -8.759035   -1.862790   -2.358993   3
   -1.918135   -9.058961    4.243587   9
   -5.017172    0.722135   12.397274  12
   -2.211136   -8.332344   -3.206498   4
   -4.052082    1.732345   13.724851  12
    4.244141   15.926379   -1.950712  10
   -1.219252  -14.508058   -3.116791   4
   -8.517039   12.417650    1.147501  10
   -0.215373    4.499241   -4.772584   8
    3.002590   11.224854    5.267450  10
   -7.511638   11.198294   -4.059300   5
   11.980598  -17.329981    3.192410  11
    4.976088   -5.471259    6.057272   3
    4.440869  -13.463646   -0.374313  11
  -14.023622   -9.878977   -0.441622   1
   -7.327780   -0.495290   -3.371372   3
  -11.557228    4.286378   -4.840991   6
   -1.479258   -6.760807    4.313210   9
   -3.419707   14.642329   -0.355368  10
    5.111309    9.535261  -15.734885   2
   10.028747    0.638324   -8.977762   2
    5.009679   -0.079949   -6.005978   3
   -9.240850    7.814198   -5.921496   6
    6.754847  -18.133753    1.313384  11
    0.338624  -19.533812   -6.172055   4
    2.126665  -16.768337    0.167878   4
   -6.666888   -4.782387  -10.875215   8
   -5.407207    7.734698    4.210597   6
    8.758684    5.687067   -0.909408   3
    5.047891   -6.848924  -14.578446   8
   -1.691712    9.044702  -10.103850   8
    7.765363  -11.703019    7.915418   7
    8.882043   -2.570879    3.524711   7
    1.236186   -1.332253   -0.503124   3
   -7.082067   -8.630240    7.118199   1
    9.138069    9.984316  -13.005770   2
    0.435184    5.874213   -5.636742   5
   -7.344956    6.186688    6.917546   6
   -7.451150   -1.203162  -12.922183   8
    0.835636   17.577446   -4.426244  10
    1.993023  -10.675020   -2.362928   4
    1.482518  -19.858863   -4.208698   4
  -11.231104  -11.400215    7.911156   1
    2.410703  -11.317175    5.044458   9
    0.565585   -8.881264   17.629210  12
   12.146412    5.154590   -0.990593   2
   -0.742918    6.101102  -13.501848   5
   -0.525926   -1.355031   18.319007  12
   -0.324169    2.516339   -0.398228   3
    0.591704  -12.046221    5.672288   9
    4.310304   12.188794  -12.486798   2
  -13.355543    9.934500   -0.778014   6
   -5.562150  -13.966302   -2.953920   4
    1.257584    4.420053   -7.144555   5
    5.238698   -5.506395   -3.421100   8
    7.485073   -2.967523    8.208565   3
   -5.072387   17.917688   -4.459908  10
   -5.912464   -4.866725    3.735827   1
   -4.012041    3.075796   -1.569746   6
    6.334265   -3.775191    2.361489   7
   -9.888484    3.758622   -3.826382   6
   -1.011309    9.080227  -15.118953   8
   -4.274866    6.446530   -0.432673   3
   -7.817814   12.743442   -5.547223   5
   -5.295099  -13.319588    5.259731   1
   -2.351201   11.705198   -2.047116   6
   12.074838   -0.337879    8.310476   7
   -1.937496   10.136696  -13.960647   5
    0.406343   -5.569391    4.103980   9
    2.538778   12.869221   -4.025159  10
   -1.401700   12.696617    3.301496  10
   -0.939248  -16.291222    8.581068   9
    5.295299   -7.330143    3.145747   7
    4.830217    0.986199  -17.698518   8
   13.246109  -13.069372    3.143415  11
    0.188313   11.663976   -7.008108   5
    2.470461    1.398947   -1.985242   3
   -2.340362   -8.837845   -0.907043   4
   -4.148827  -10.187223    4.256223   1
    5.230706   12.094227  -10.167210   2
    4.287549    0.280497    5.036581   7
   -6.350425   -0.271269   11.693773  12
    4.346750   11.679969    1.716867  10
    9.017066   -0.830207    4.335920   7
   -8.623490    5.579080    2.077209   3
    5.702725  -12.269402   -3.744166  11
   12.217447  -15.542058    5.620853  11
  -13.775398    1.614839   -2.903059   6
   -1.422437  -12.973992    2.946796   1
    2.690970    6.924782  -13.024395   2
    5.199401  -15.884673    6.497547  11
   -7.827692   -7.400629    1.879757   1
    0.325842  -12.454367    1.003319   4
    3.496500    0.959248   -6.375882   3
   -3.682793   13.248937    7.058248   6
    4.662237   -7.327444    4.984497   7
    8.698528   -8.471296    5.630039  11
  -11.864815   -7.602204    6.248530   1
    3.844901  -16.030910    3.285316  11
   -0.005036   -5.488950    7.801711   3
   -9.347153   -9.635151    9.271791   9
   -9.714272   -8.568998    6.904778   1
    2.565984  -19.149852   -6.067392   4
   -7.924656   15.341985   -1.742979  10
   -5.739630  -15.797932    1.318123   4
   -5.757228   15.945502    0.584895  10
  -14.433134   -9.332898    1.739566   1
   -5.245569   10.813876   10.360033   6
   -2.227497    1.968735   13.087399  12
    2.105016    5.027627    3.997153   3
   -1.832037    6.253570   -5.021754   5
   -5.430813    6.017318   -8.981624   8
    0.195736    5.631947    1.238296   6
    1.228433  -15.845382    8.934318   9
   -2.656953   14.470807   -8.295336   5
    7.799183   -9.171544    1.505425  11
    1.374464    6.846436  -11.602816   5
   -0.674919    2.795133    7.280159  12
   -3.616394    8.438855    1.015825   6
   14.264407   12.001498   -7.898896   2
    3.054584    7.400170  -14.753060   2
    8.472690    8.502068  -10.425522   2
   -4.759428   -5.694720  -10.019151   8
    5.715242   10.902880  -13.498967   2
    8.285439    1.687207    7.016216   7
   -3.969978    7.617002  -12.493666   8
    2.949923   12.888978   -1.109032   2
   -2.054795    6.026113    6.639814   6
    4.821424   -9.726050    6.312147   7
   -1.082753  -13.402347    5.813941   9
   -3.816947    8.271004    1.528131  10
   -4.395799    0.097157   -4.572867   8
   -9.237516  -14.575542    4.051139   1
   11.321363  -13.447115   -3.532134  11
  -14.940795    2.959779    3.102503   6
   -9.326413   -8.180805   -5.675835   1
    2.342168    1.796335  -16.992460   8
  -10.002287    3.297983   10.519046   6
    8.622059  -18.061328   -2.046883  11
    4.515373    0.296858   17.783221  12
   -9.175247   11.507579   -5.810774   5
   -2.708448  -11.623034   -2.792278   1
   11.969887   -2.719974   13.868239   7
   -0.206306    8.178683  -13.621309   5
   -7.683873   -4.661481   -0.387589   3
   -2.054361   -8.127726   10.293331  12
    3.479789   -1.056863   18.991166  12
   10.764789    5.127871  -11.313801   2
   -8.442134    2.081449    9.715242   6
   -7.064016  -14.264537    5.693937   1
    9.832804   -8.678853    2.366457  11
    2.114670  -15.240075   10.984686   9
    0.105889  -10.135624   14.167845   9
    8.496958    7.259082    2.991656   3
    5.008361    8.583080  -10.746650   8
   -6.477572    8.840943   -6.394739   6
    9.394869  -11.083280    6.756345   7
   -7.793472    7.214329    1.768057   6
    1.988812   -2.981427   -3.216819   8
    5.355015  -13.833651   -2.255221  11
  -13.819511   -7.706144    0.286035   1
    0.142989    6.264082    1.239704   3
  -10.848122  -11.425904   -4.029140   1
    7.375727   -0.517090   -4.309757   8
   -8.260527   -0.314771   -8.910095   8
  -11.748232  -14.476805    4.929419   1
    0.421798   -6.018542    7.677976   3
    4.286306   -4.068548   15.396845  12
   -5.035431   -4.794391    6.271236   9
    0.469483   -7.922629   14.204351   9
    5.865211   -2.246966    9.504998   7
   -2.182376  -14.151059   13.667092   9
   -6.498513  -12.088114    5.312693   1
  -11.542493  -13.025028    6.316886   1
    0.040135    0.725974   18.261462  12
    7.745720  -20.210956    2.102579  11
   -0.601263    3.396544   11.890692  12
   -1.387172    7.592913   -1.707041   6
    1.707391   -5.782033    5.707429   9
    4.277713   12.667292    3.819642  10
   -2.052802   -1.795515    7.977463   9
  -13.028583   -5.754074    1.028179   1
   -0.202548   12.754710   -1.971311  10
    7.432822    0.727762    9.508544   7
   11.784293   -1.888158   -5.717042   2
   11.365311   12.943092   -5.489808   2
    9.788968   -9.388188   14.517161   7
    1.301706    7.962165   -5.841098   5
   -3.789063   12.485570   -2.388399  10
    1.027205   19.905034    3.261549  10
  -10.326461    9.157295   -4.982585   5
   -7.513138   15.001449    6.660026   6
   12.233392    3.158937   -9.816710   2
    3.140188    4.584631   10.055929   3
  -10.137378    8.987474    9.968206   6
   -2.813589   -4.686773    1.975395   1
   -3.619819    2.849063   -0.985621   3
    4.979573   12.183809   -2.581835   2
   -5.646864   13.255071  -12.845177   5
    2.346755   -8.339469   18.604847  12
  -11.872870   13.427658   -1.154014   6
    2.775430   19.187886   -1.783358  10
   -7.612793   19.167037   -2.163013  10
    0.759308    4.813183   -1.369965   3
   -1.107169   -3.589197  -15.775662   8
    1.326105  -10.043042   14.120688   9
   -4.636664    2.379167    3.538034   6
   -1.883425  -21.646190    0.106879   4
    6.802001  -17.192430   -1.389544  11
   -9.468172    6.638908   -5.256262   5
  -12.234855  -10.066189    6.970209   1
    4.434743    1.081198   -9.830556   2
   -2.337088    8.658678    7.981710   6
    9.604787    3.632079   -7.107426   8
   -2.168088  -12.126480    1.607470   4
   -4.334761   -4.664856   -0.595256   1
   -2.366774   14.350703   -3.220934  10
   -6.630187    5.068472    9.953808   6
  -13.014633   -8.311795   -1.609119   1
   -9.171896    7.309464   -5.728025   5
   -2.801167    8.349351  -11.507516   5
   -0.390082   14.418943   -9.781278   5
    9.684620    5.963929    1.406219   3
    2.070330  -15.252509   -7.023837   4
    7.582577   -7.465785    7.407246   7
   -0.970227   21.057241    1.689605  10
   -1.105715    2.463099  -18.335325   8
   -2.564176   14.916522    5.558201  10
    5.136534    2.913470  -17.987758   8
  -11.789542    1.056436   -2.182042   6
    8.563235   -0.055001   -1.670968   3
   -2.490813   -1.784813   17.779352  12
    0.787876   -4.690396   -8.395875   8
  -12.507519  -13.605812    0.530487   1
  -11.009150  -15.240595    1.365607   1
   -1.364754   -6.018674    7.541728  12
    2.287693    1.131212   18.067661  12
    7.567624  -10.651895    7.692335   7
   -7.516790    0.850198  -12.366130   8
  -11.831855    7.946578   -9.289725   5
    9.101073    6.165185  -14.834162   2
  -14.727084    8.122614    6.906670   6
   -7.932541   -4.702820    4.359221   1
    0.635407   17.121218    6.220419  10
  -11.996636   -6.281784    4.789690   1
    1.436111    0.748596  -11.299698   8
   -0.556704    7.754960    1.591480  10
   -0.318458   14.279921    5.973531  10
   -7.778596    4.888900   -8.563267   5
   -2.920936    7.501745  -14.284940   5
  -11.535284  -15.439228   -0.654200   1
    3.884322  -12.342417    1.693115  11
  -11.178210   -9.232347   -3.434291   1
    0.280292   10.114080   -5.358634   5
    1.956403   17.978645    4.768252  10
    5.883278    9.588146   -0.153739   2
   -7.902296   -8.646968    7.445003   9
    2.155370   13.842791   -0.353543  10
   16.116864    9.362772   -6.360944   2
   -9.030953   -6.776253    5.032191   1
    8.325629   -2.588507    8.247420   7
   -3.142624   -3.425757   -0.688086   3
    7.518879   -0.394016    6.122435   7
   12.955024   -9.048025    8.727891   7
    4.409412   11.931580   -0.716110  10
   -5.787829    8.086724   -5.252791   5
   -3.696114   -3.272839   13.545203   9
   -2.046885    9.507683   -1.669221   6
   -2.567771  -15.248621   -8.390598   4
    4.515692  -14.766705    4.876907  11
    3.546507   -5.411567    7.449272   9
   -3.451893    0.473560   11.290940  12
   -4.867291   12.079391    7.959413   6
    8.385394    2.895485  -12.450957   8
   -9.306916    3.916894    1.004294   3
    1.720201  -17.752163   -5.425104   4
    2.506408  -13.302264   12.593427   9
    3.247121    5.344267  -13.995609   2
   -8.340203    1.221373   -7.621215   8
   -1.931388  -11.441236   14.659828   9
   -0.318554    6.089790    6.029049   3
   -6.733395   -6.938604    5.990539   9
  -11.076622    7.129326   11.867634   6
   11.248172   -1.202636    1.242746   3
   -3.725488   -8.364018    6.573912   1
    3.083013    6.780986    1.743899   3
  -10.791340  -13.499144   -3.884855   1
   11.914379    1.222285    4.380832   3
    0.413494   -9.011648   19.665172  12
   -6.080180   -4.311843    0.969542   1
   -1.359339   10.485706  -13.068161   5
    7.806431   -1.743707  -10.778902   8
   -1.793884   10.832818   -1.278643  10
   -3.741685   -8.934355    0.894168   1
  -13.559718   11.681313    1.528786   6
    0.199401  -10.647641   -4.456504   4
   -3.392762   10.971934    8.603590   6
    2.966969  -19.145374   -2.427168   4
  -12.001863   14.015176    3.461605   6
    8.349227   -1.347001  -15.695408   8
   -5.892316  -21.840393   -1.264584   4
   -5.086873   13.880839    4.782763  10
  -12.272254  -14.267286    2.845549   1
   -5.395030  -11.020055    6.387606   9
   16.887977    8.905942   -8.213467   2
   -3.386387   -5.157101   14.532908   9
    6.172342   -6.204087   14.783604   7
   -4.862747   15.971164    4.474125  10
   -8.105415    8.103984   -8.725283   5
  -10.364584    3.604740   -0.643603   6
   -4.499911  -10.629354   15.228233   9
   -9.902996    1.870213   -2.931273   6
   17.305684    7.469433  -11.447218   2
   -1.670961    8.844008   -8.143452   8
    6.677531   -4.465596    5.770754   3
    6.021601   -8.470158   -6.075659   8
   -7.384999   -5.067175    6.870337   9
   -4.416106    7.425781   -8.485323   8
   -6.527396   18.751149    1.037680  10
   -3.035891   -3.232681   11.381711   9
    0.796117    9.151433  -11.893396   5
   -3.353351   -5.870534    8.966547  12
    1.996536   14.759505   -4.237584  10
    8.401073   -8.875156    3.559940  11
   -4.350568   -6.695091   -1.316731   1
    5.572553   -0.246885   15.099852  12
   -0.204835   -5.940402    7.711020  12
   -2.944291   15.032776  -12.159202   5
    2.429202   -0.463615   -8.047857   3
    5.212297    7.933518    3.056313   3
   -2.329546   -3.033500    6.171321   9
   -5.820170    6.047450  -10.193975   5
   10.418841    2.168027  -15.290465   2
   -2.959963   17.534717    4.524624  10
    8.505077    9.449359  -16.876754   2
  -12.863541    0.397171    3.723091   6
  -10.223085   -4.643212    2.985849   1
    4.636307    2.469263    4.603655   3
  -13.836791   -4.959822    2.854785   1
    4.338900   -0.137965   16.060952  12
   -3.947254   -0.870981    1.796195   3
    6.214339   14.421072   -6.832580   2
   -1.068176  -14.401780    1.970094   4
   -8.468385   16.093186    0.816616  10
    3.878858   -1.800101   -3.066226   8
   -2.600536    9.594032    5.733867   6
    2.317304   -3.983854  -16.803442   8
   15.431814    7.353012   -5.787397   2
   -1.137100    4.537153   -6.326095   5
   -1.946811   21.468794   -0.642592  10
   -2.335601   -9.991270   -2.386077   4
  -11.098994    0.288923    2.255267   6
   -4.191674   -6.881831   15.022614   9
   -2.929662   -5.136780    5.255730   9
    2.737355   -0.394397   -9.083249   8
    2.944483   11.666375   -2.199243  10
    3.004794  -14.543376   -2.163005   4
   -2.340016    7.243056   -6.084461   5
   12.813756   12.027908   -6.425725   2
   10.441077   -9.364955    5.829705   7
   -3.292142  -10.230438    0.965652   4
  -11.500723  -14.445390    1.013007   1
    3.220106    5.039151  -14.587081   8
   11.368628    7.219207  -16.679296   2
   -3.211644   20.929844    1.006414  10
   -5.613899   11.690404   -5.331053   5
   -3.612520    1.855323  -11.169382   5
    7.958542   -8.297326    4.249961   7
   -4.135124   -7.160544    5.023680   9
   -1.925284    9.153720    0.671573  10
   -3.173323   12.495769    5.630205  10
    1.110500    1.907687    4.295310  12
   -5.426337  -18.956358   -4.707697   4
   -1.026373    0.070036  -14.142181   8
    5.686086    7.525164  -12.801753   8
   -1.252926    9.182857   -8.578049   5
   -4.403281    5.646280  -14.054199   5
    9.915462  -20.285015    2.864455  11
    4.359844    3.567327   -2.227750   3
    3.931139  -15.083475    2.547610  11
    5.077535   -1.535050   15.868035  12
   -4.970292   18.895603    2.948723  10
    3.531183   -7.471905   12.927848   9
   -4.799106  -14.671861   -5.340254   4
    3.618783    5.859063    3.169911   3
    4.924759   -0.954111   -1.188070   3
