   14.279185000000000        16.411071000000000       -4.8191210000000000                3
  -9.3789110000000004       0.61455800000000005       -17.666682999999999                9
  -3.3399850000000000        13.788753000000000       -7.9296150000000001                4
   19.524903999999999       -2.3921420000000002       -5.2110029999999998                3
  -19.588291999999999       -8.7538870000000006       0.56479299999999999                8
 -0.37258799999999997        8.3320989999999995        10.281252000000000                3
   6.2998289999999999       -12.797362000000000        10.485938000000001                2
   9.8683960000000006       -7.7220670000000000      -0.43659300000000001                2
   2.4109099999999999       -9.6228470000000002        7.7228450000000004                7
   4.6701649999999999        20.650062999999999        1.2429619999999999                5
  -5.7632159999999999        2.3229150000000001       -14.471727000000000               10
   9.6804520000000007       -7.0119420000000003        13.121185000000001                7
  -8.4221950000000003       -12.417095000000000       -11.163697000000001               10
  -15.844901999999999       -2.1066980000000002        13.730536000000001                8
   3.2306249999999999       -16.063858000000000        6.1843019999999997                6
   12.840449000000000       -10.774728000000000        6.6993559999999999                6
  -8.5531629999999996        6.3878940000000002       -10.252179000000000                9
   11.697540000000000        6.2107830000000002        9.8648170000000004                7
   6.1887410000000003        3.8214969999999999       -13.767912000000001                3
  -19.191233000000000       0.38817200000000002        5.6454730000000000                8
   8.5821850000000008        9.4779839999999993       0.48522999999999999                7
  -12.781520000000000       -3.5755599999999998       -7.0229489999999997               10
  -8.8718939999999993        1.9721679999999999       -5.2810160000000002               10
  -16.767258000000002       -12.578854000000000      -0.15323899999999999                8
   2.4560430000000002       -20.259163000000001       -3.5911219999999999                6
  -11.505872999999999        2.6959520000000001        10.512776000000001                8
  -10.803575000000000       -10.223590000000000       -15.048783000000000               10
   17.194223000000001       -7.9051479999999996       -3.4904679999999999                6
   14.754795000000000       -10.750529999999999       0.98775500000000005                6
   5.9252479999999998        11.014181000000001      -0.45924900000000002                4
   11.233980000000001       -8.7150669999999995        10.366092000000000                7
  -5.5408600000000003        16.164353999999999       -2.9293220000000000                4
   12.785052000000000        2.8419960000000000        9.1321940000000001                3
  -5.9489330000000002       -12.627132000000000       -1.2058800000000001                8
   10.744329000000000        17.010300999999998        7.5333699999999997                4
   5.9878879999999999        17.545566999999998       -4.4718410000000004                3
   10.791188999999999      -0.20120399999999999        9.0211950000000005                3
 -0.67033900000000002        18.638342999999999       -5.0320950000000000                5
  -10.718339000000000        14.698209000000000        2.0279520000000000                5
  -13.998149000000000        4.6006590000000003        11.325879000000000                4
   7.5189000000000006E-002  -6.7948430000000002       -7.6140730000000003                9
   10.791416000000000       -6.9597910000000001        6.0464399999999996                7
  -14.267003000000001       -10.696045000000000        9.5470520000000008                2
   1.1184810000000001       -17.791619000000001        11.560124999999999                2
  -14.746501000000000       -5.5522470000000004       -9.7711620000000003                8
  -14.670310000000001      -0.94190099999999999       -5.0632910000000004                5
   17.384208999999998        1.9285230000000000       -9.0194630000000000                1
   13.733112000000000       -13.718636999999999      -0.79013500000000003                6
   7.4550539999999996       -5.7285990000000000        5.5668460000000000                7
  -18.110143000000001        8.9218139999999995       -1.9590590000000001                8
   1.7328479999999999        14.457229000000000        12.914363000000000                4
   16.715926000000000       -1.1955279999999999        8.0517330000000005                6
   12.042294000000000       -3.1179519999999998        10.748585000000000                6
   8.0567869999999999        10.201401000000001        11.240966000000000                7
  -12.247260000000001       -13.426373999999999       -2.1149930000000001                8
 -0.70375100000000002       -19.826384000000001       0.52670899999999998                2
  -15.656931999999999        8.2294440000000009       -7.5994270000000004                8
   9.4991310000000002       -9.0532509999999995       -4.0196410000000000                2
   12.134604000000000        5.2885549999999997        5.3744730000000001                7
   15.199220000000000       -3.9045550000000002       -4.2726189999999997                6
  -19.867535000000000        1.1570920000000000       -7.9587260000000004                8
   12.019138000000000        1.3518870000000001        13.314372000000001                7
  -10.806093000000001        10.986862000000000       -7.2619769999999999                4
  -12.411049999999999        2.2752699999999999       -13.255283000000000                9
  -11.585400999999999        11.036963000000000        13.868721000000001                4
   14.931469999999999       -1.8822179999999999        4.6507680000000002                3
   15.560473999999999       -5.5062850000000001        8.4322160000000004                6
  -11.366688999999999        3.8731030000000000        12.847419000000000                4
  -13.006837000000001        9.6791970000000003      -0.40425600000000000                4
  -4.6256670000000000       -18.077974000000001       -6.4326429999999997                2
  -11.682700000000001        10.586565000000000       -11.896276000000000                5
  -11.893096999999999        13.750123000000000       -3.3301710000000000                4
   3.5868850000000001       -2.1907429999999999       -5.2759799999999997                8
  0.58611500000000005        18.679672000000000       -8.8189460000000004                5
  -8.2939089999999993        17.229772000000001        6.3336410000000001                4
  -8.1524409999999996       -9.7187029999999996       -2.6106060000000002               10
  -4.3282239999999996        2.5515319999999999       -18.023993999999998               10
  -17.285965000000001      -0.35665999999999998       -10.855238999999999                8
  -16.744851000000001        7.7694840000000003        1.9178180000000000                8
  -13.229181000000001        3.5111680000000001       -1.3542040000000000                4
  0.83622900000000000       -9.6116550000000007        11.333202000000000                7
  -5.5587859999999996        14.644372000000001       -16.145482000000001                9
  -9.9864169999999994        3.6418420000000000       -10.892740999999999               10
  -10.778131000000000        4.0125789999999997       -4.0358960000000002                4
   7.4656300000000000       -6.3476759999999999        7.0691319999999997                2
 -0.33151300000000000       -18.371846999999999       -10.486027999999999               10
   11.333224000000000        10.107300000000000        14.410470999999999                7
  -17.529548999999999        3.1634630000000001       -4.7293250000000002                8
   8.8593379999999993        2.4923760000000001        10.641927000000001                3
  -16.217262999999999        2.5730339999999998        9.0494009999999996                8
   6.3368060000000002       -18.023014000000000        8.1250330000000002                2
   6.6638430000000000       -11.174963000000000       -1.9859579999999999                2
   7.6542479999999999       -2.4833210000000001        10.650191000000000                3
  -7.1699619999999999        10.068839000000001       -8.2853700000000003                4
  -15.677000000000000       -15.614359000000000        7.8731999999999996E-002           8
   4.4606820000000003       -13.665289000000000       -6.7659570000000002                2
  -8.5797690000000006       -15.858947000000001       -8.7828700000000008               10
   10.655341999999999       -6.4435580000000003       -4.7777050000000001                3
  0.96383500000000000       -11.760464000000001       -19.127441999999999               10
 -0.76474399999999998        16.203610000000001       -7.2866390000000001                4
  -8.6011199999999999       -6.5990539999999998       -4.0329509999999997                6
   12.751071000000000       -5.4599700000000002       -3.6909740000000002                1
   9.9842239999999993        1.0930219999999999        4.1567429999999996                6
  -7.7432270000000001       -15.970914000000000       -1.1451370000000001                6
  -2.5916100000000002        10.007849999999999        1.5559099999999999                3
   13.470485999999999        2.9017420000000000       -1.8182320000000001                7
  -12.677307000000001       -1.2957369999999999       -8.4837710000000008                9
  -1.7645320000000000        6.0511169999999996       -21.983394000000001                9
  -5.7118679999999999       -19.280885999999999       0.81953900000000002                2
  -9.6436399999999995       -2.2890549999999998       -17.577589000000000               10
  -5.2658699999999996       -5.4195979999999997       -4.5477970000000001                3
  -8.8078350000000007        9.0484139999999993        6.7596470000000002                5
   2.2069139999999998       -19.592621000000001        2.9242699999999999                2
  -8.0592720000000000       -3.8181509999999999       -3.5065189999999999                5
   3.2260059999999999       -9.2257370000000005       -12.720060000000000                8
  -8.2436070000000008       -6.1694050000000002      -0.49957900000000000               10
   7.7821569999999998       -17.177405000000000       -10.986205000000000                1
  -2.5641940000000001       -9.9864739999999994        16.499330000000000                2
  -16.323532000000000       -11.427522000000000        2.1150720000000001                2
  -9.8577390000000005       -12.573820000000000       -7.0381770000000001                8
   7.4781909999999998       -10.868503000000000        13.327638000000000                7
   13.248900000000001       -5.0084119999999999       -12.212106000000000                3
   17.046643000000000       -3.9417290000000000        2.5525319999999998                6
  -11.405071000000000       -5.0239870000000000       -12.189204000000000                8
  -10.980067999999999       -11.869702999999999       -1.6297860000000000                6
  -11.970212000000000       -1.1657059999999999        17.165799000000000                7
   7.0235469999999998        8.6698350000000008       -3.2241540000000000                4
   7.3951440000000002        5.5608120000000003      -0.91063400000000005                6
  -17.322834000000000        3.0068839999999999        8.2830709999999996                4
   7.5003430000000000       -2.7741630000000002       -19.579591000000001                9
   8.7959099999999992      -0.28423100000000001       -16.762400000000000                3
   12.573095000000000       -14.474156000000001       -5.1154520000000003                6
  -9.8841110000000008       -4.1835089999999999        2.0099170000000002                5
   8.7845490000000002       -4.2711259999999998        15.818531000000000                7
  -15.692510000000000        9.1696600000000004        3.7326039999999998                4
   2.4462910000000000       -3.2496990000000001        18.808783999999999                2
  -5.7747820000000001        7.9903620000000002        10.299770000000001                5
  -5.0557270000000001        3.3880640000000000       -2.0046339999999998               10
   15.475301999999999        12.211952999999999       0.45716299999999999                3
  -7.6795460000000002       -1.7815730000000001       -1.0517510000000001                6
  -9.1425909999999995       -8.4260979999999996       -11.789163000000000                8
   3.3188830000000000        3.8248329999999999       -3.2938480000000001                7
   14.962000000000000        3.1279759999999999       -14.366389000000000                1
   16.184771000000001       -2.3494009999999999        3.0769620000000000                6
  -11.795776999999999       -4.3392540000000004        15.907890000000000                2
  -10.952871000000000        2.4755520000000000        6.9691919999999996                5
   10.466372000000000        4.1648170000000002       -18.613838999999999                9
  -21.908154000000000      -0.96189800000000003      -0.42734400000000000                8
  0.38764700000000002        8.3793240000000004       -4.5101410000000000                3
   3.6987139999999998       -2.4911720000000002       -8.3228829999999991                3
   12.073175000000001       -14.129750000000000        2.4579070000000001                6
   4.3832870000000002        8.4561390000000003       -8.9980410000000006                4
   11.687303000000000        2.6954410000000002       -12.721081999999999                3
  -2.0471879999999998       -4.1758480000000002       -14.124330000000000                8
   10.447563000000001      -0.76625399999999999       -1.9207540000000001                7
  -13.764329000000000        6.0819310000000000      -0.54736200000000002                5
  -6.8110270000000002       -1.5637200000000000        4.4931880000000000                5
   10.979319000000000       -6.5519069999999999       -6.8479349999999997                3
 -0.15732399999999999       -4.4336650000000004        11.985628999999999                6
  -8.7926099999999998       0.39134300000000000       -1.7651429999999999               10
   2.8412470000000001       -2.2959390000000002       -10.517382000000000                8
 -0.57190099999999999       -17.763135999999999       -9.3594550000000005                6
  -13.536391000000000      -0.72168800000000000        6.0545150000000003                6
  -5.5159520000000004      -0.63473199999999996       -9.1331930000000003                4
   2.2360470000000001       0.56369000000000002        4.5016740000000004                2
  -14.453564999999999        6.7906950000000004       -5.4143450000000000                4
   6.9705670000000000       0.23453700000000000        11.104806999999999                3
   8.7971170000000001        5.7112299999999996       -4.2379069999999999                9
  -1.7799100000000001        8.5796890000000001        18.868113999999998                7
   7.5523439999999997       -5.0031780000000001       -22.949659000000000                1
   2.3023330000000000       -3.5626530000000001       0.23651500000000000                3
  0.42778600000000000        17.836683000000001      -0.91543200000000002                4
  -10.085087000000000       -6.2153489999999998        3.2098760000000000                4
  -2.8665560000000001       -2.3874399999999998        22.586226000000000                7
   4.7248710000000003       0.32889900000000000        11.456232000000000                6
   3.0407099999999998        6.4243170000000003       -21.324794000000001                1
 -0.87592000000000003       -2.0775530000000000       -10.191499000000000                8
  -7.9679310000000001       -13.470302000000000        1.5620590000000001                6
  -11.785563000000000        11.151159000000000        10.134062999999999                4
   13.083637000000000       -3.2632550000000000        2.8286120000000001                7
   1.8144640000000001       -8.4468759999999996       -4.8117520000000003                2
  -1.0994930000000001        2.0382509999999998       -16.377383999999999               10
   7.9476709999999997        11.926278999999999        3.4307500000000002                7
  -5.9001060000000001        3.2417120000000001        4.2683049999999998                3
   7.7060449999999996        3.3278370000000002        2.2251240000000001                1
  -4.8195290000000002        4.5911460000000002       0.95427399999999996                6
  -12.831814000000000        6.4666290000000002       -10.398182000000000                8
   8.0579040000000006      -0.35590800000000000        17.115667999999999                7
  -7.6660329999999997       -9.0599179999999997       -5.9054279999999997               10
  -14.730744000000000       -8.3529839999999993        7.3973279999999999                8
   8.9854990000000008        6.0783709999999997        10.880356000000001                3
  -5.4652870000000000       -1.8788069999999999        9.4230540000000005                8
   16.426863000000001      -0.80735400000000002       0.74542299999999995                3
   8.1214390000000005       -4.0619269999999998        15.123875999999999                7
  -4.0934059999999999       -10.366031000000000        1.7246589999999999                5
  -4.4508190000000001        6.8815809999999997       -19.695103000000000                9
  -2.0948240000000000      -0.94198899999999997       -23.658245000000001               10
  -14.473682000000000        8.3300120000000000        10.508899000000000                4
   3.1001970000000001        2.4278170000000001       -7.9813359999999998                4
  -11.937683000000000       -10.193118999999999       -8.0754249999999992                8
  -17.141656000000001       -4.9374500000000001        10.022404000000000                8
  -1.6474290000000000        5.4396950000000004       -10.395587000000001                4
   12.673927000000001       -8.1183639999999997       -18.167141999999998                1
  -4.0458010000000000        8.1743109999999994       -2.4779360000000001                8
   2.8931119999999999        13.021045000000001        10.121240999999999                7
   19.501919999999998        2.9072469999999999       -4.5110299999999999                3
  -5.0253649999999999        1.4620860000000000        4.6861430000000004                6
  -10.227179000000000      -0.80128299999999997       -11.616327999999999                9
  -10.902042000000000       0.64919199999999999        3.9384880000000000                4
  -1.4420940000000000        2.1831459999999998       -20.884008999999999                9
   13.970777000000000       -4.5071680000000001       -7.6224049999999997                6
   3.4837929999999999       -10.954578000000000        16.794554999999999                2
   12.792285000000000       -3.2073700000000001       -15.302481000000000                3
   16.374289000000001        1.4313929999999999        3.9103469999999998                3
   12.697597999999999       -3.9591300000000000        6.6062880000000002                3
   9.1177910000000004       -4.1160040000000002      -0.41524499999999998                7
  -12.658505000000000        1.3058310000000000        8.6529950000000007                8
   5.4109800000000003       -5.0957660000000002       0.64887700000000004                1
  -8.4184549999999998       -6.1076050000000004       -3.0575770000000002               10
   4.2013809999999996        20.031652000000001        1.0280270000000000                5
   7.1535780000000004       -2.0649620000000000       -3.5492849999999998                7
   13.919956000000001        15.375142000000000      -0.66954300000000000                3
  -6.7368959999999998       -2.7198270000000000        18.528642999999999                2
  0.17187600000000000        11.261021000000000        3.5056490000000000                3
   5.3126870000000004       -2.9514999999999998       -4.8396330000000001                2
   10.093712999999999        3.6665459999999999       -3.8218749999999999                7
   9.7342370000000003        10.043398000000000        9.7519279999999995                3
  -4.5796229999999998        17.274097999999999       -6.9309740000000000                5
   15.495965000000000       -4.7487680000000001       -6.0923160000000003                1
  -2.9102190000000001        5.7781219999999998        4.3389100000000003                6
   13.719212000000001        7.7325020000000002        9.3018970000000003                3
   18.782336999999998        8.5579689999999999       -2.8988190000000000                3
  -3.7907570000000002       -12.234087000000001        7.8347270000000000                6
   7.2907830000000002       -4.8571700000000000       -5.5521529999999997                3
  -1.8188000000000000       -3.7470740000000000        5.0979780000000003                3
  0.85472099999999995       -8.8479299999999999       -9.3688110000000009                6
  -18.925612000000001      -0.64287600000000000       -5.3831629999999997                8
   3.2156150000000001        17.882045000000002       -5.3316290000000004                5
  -1.9930200000000000       -20.620704000000000        6.5061070000000001                2
  -2.9587050000000001        5.6964230000000002      -0.26963500000000001                1
   16.796761000000000        7.5738349999999999       -6.6180310000000002                3
   4.7758740000000000       -1.4149989999999999        7.8293499999999998                3
   10.433703000000000       -17.103888000000001       -6.6574759999999999                6
  -15.155481999999999       -6.0993089999999999        9.8213329999999992                8
   15.355817999999999       -5.7789789999999996       -10.040520000000001                1
  -9.5426219999999997       -3.2495630000000002        7.1835459999999998                8
   1.0531040000000000       -16.837548999999999       -8.1654630000000008                6
  -9.1261329999999994        1.3417450000000000       0.65651499999999996                6
   6.3337890000000003        15.294143999999999       -6.1068559999999996                5
  -15.809010000000001        1.4552440000000000       -7.9574639999999999                5
  -12.342691000000000        4.0802030000000000        1.2775440000000000                5
  -7.4908669999999997       -9.0151199999999996        6.2129979999999998                8
   7.6452650000000002        15.289146000000001        4.9050120000000001                3
  -17.894016000000001        6.6922959999999998        5.8603100000000001                4
  -1.7928050000000000        8.1799149999999994       -5.2393609999999997                1
  -8.0832479999999993       -8.1822680000000005        18.455755000000000                2
   4.3768810000000000        17.797398000000001       -2.2433360000000002                5
  -6.4194279999999999        15.219794000000000       -9.2920339999999992                5
   2.0990750000000000        8.0971089999999997       -2.8992170000000002                1
  -15.430688000000000       -10.843474000000001       -7.6757900000000001                8
  -1.0728839999999999      -0.69868500000000000       -2.4293179999999999                9
  -14.460777000000000        11.425255999999999        7.2481239999999998                4
  -4.5151029999999999       -1.8890060000000000       -2.7748119999999998                4
  -12.849126999999999        1.3320780000000001      -0.63441000000000003                5
  -17.775883000000000       -10.412716000000000        6.1229069999999997                8
   5.9812440000000002        4.5359020000000001        12.547786000000000                3
  -4.6859919999999997      -0.58053100000000002        1.2391749999999999                7
   3.8293379999999999      -0.87601399999999996       -8.4199999999999998E-004           1
   7.0206059999999999        12.061597000000001        3.0174780000000001                4
   14.506232000000001        4.8418150000000004        6.4517129999999998                3
   6.2926589999999996       -6.7296920000000000       -18.986321000000000                1
   3.5785170000000002        18.998904000000000       -2.2589709999999998                3
   3.9321809999999999       -9.5469720000000002       -19.961296000000001               10
  -2.6676850000000001       -11.489795000000001       -4.2178920000000000                8
  -7.7730470000000000        2.6127470000000002        12.950272999999999                2
  -5.6496760000000004       -17.175564000000001      -0.71225000000000005                6
  -10.120393000000000       -12.579669000000001       -5.4415670000000000                8
   10.881500000000001        16.986948999999999       -1.9291710000000000                3
   11.649884000000000       -16.020153000000001       -10.906687000000000                6
 -0.50250499999999998       -14.096671000000001        14.388038999999999                2
   16.936040999999999      -0.35778900000000002       -3.7628750000000002                6
   5.0731880000000000       -5.2728859999999997        2.5519180000000001                3
 -0.48092699999999999        2.6339570000000001        8.4863149999999994                8
 -0.95664400000000005       -5.6991389999999997        17.948308999999998                2
 -0.23350699999999999        11.987985999999999       -4.7227610000000002                4
   2.2921749999999999       -4.0597839999999996      -0.72119999999999995                8
   11.890218000000001       -8.0644320000000000        10.072146999999999                6
   11.626823000000000        10.318345000000001       -12.991574000000000                9
   10.993005000000000        14.954181000000000       -8.6040519999999994                9
  -9.0492260000000009       -1.9164319999999999       -12.567876000000000               10
   4.8906390000000002       -3.9481970000000000       -13.569450000000000                3
   12.509703999999999        4.2958889999999998       -7.2903399999999996                1
   10.462031000000000        2.7195220000000000        8.1465669999999992                3
  -20.270537000000001       -6.5272980000000000        4.6073139999999997                8
   5.8673760000000001       -7.8219310000000002       -3.7853089999999998                3
   8.5106690000000000        3.1474270000000000        16.626829000000001                7
   1.6403170000000000        15.857089999999999        13.726642999999999                4
  -1.7412810000000001       -15.883770000000000       -6.4774050000000001                2
  -6.4507919999999999       -19.013905000000001       -2.9093629999999999                2
  -11.993497000000000        1.6468440000000000        8.6108399999999996                4
  -11.578265999999999       -7.1733849999999997        3.4895679999999998                7
   2.1221369999999999       -16.433803999999999        7.0122289999999996                2
   5.5178469999999997        4.8535409999999999        18.201895000000000                7
  -11.580810000000000        7.5188000000000005E-002   9.7646639999999998                2
   4.2369349999999999       -3.1885979999999998        14.501495999999999                2
 -0.50560200000000000        6.4552459999999998        6.9949789999999998                3
  -7.8505669999999999        6.0338529999999997        17.755277000000000                7
   2.0911590000000002       -16.629663999999998       -11.540521000000000                6
  0.16883600000000001       -19.263380999999999      -0.73931400000000003                6
  -4.5777929999999998       -4.9517470000000001       -1.3236969999999999                5
   3.9630320000000001       -17.047594000000000       -9.9722089999999994               10
  -15.494842000000000       -3.6869390000000002        13.021519000000000                2
  -2.8362780000000001        9.8604599999999998        16.948596999999999                4
  -6.0083270000000004      -0.60816099999999995        5.1455200000000003                4
   14.297763000000000        8.4749440000000007       -16.027591999999999                3
   1.9965079999999999       -15.341025999999999       -4.1878539999999997                2
  -12.024539000000001       -6.9597329999999999       -2.0611389999999998                6
   7.2102649999999997       -5.3477730000000001      -0.37037199999999998                3
   6.6121869999999996        11.678689000000000        14.797787000000000                7
  -1.5001279999999999       -5.4734470000000002       -10.318737000000000                9
   4.6401919999999999       0.94150800000000001       -2.4061880000000002                9
  -8.1659620000000004       -11.560722999999999       -2.8035160000000001                6
   8.5780600000000007        13.891031000000000        9.9085059999999991                7
   11.024889999999999       -3.1170810000000002        10.810942000000001                6
  -12.895625000000001       -3.4327540000000001        10.853168000000000                7
   8.8626290000000001        3.5867749999999998       -7.1749070000000001                9
  -3.4457730000000000        4.4286760000000003       -6.5774520000000001                4
   2.5263460000000002       -5.2698700000000001       -10.064584999999999                9
   10.425833000000001        5.6735030000000002       -12.491775000000001                9
  -20.109757999999999       -4.5973930000000003        2.3471899999999999                8
  -8.9736519999999995       -10.135961000000000        3.6650930000000002                6
   12.218232000000000       -13.182760000000000       -10.112541999999999                1
   6.9937849999999999       -1.0925720000000001       -8.4881960000000003                6
  -11.742131000000001       -14.013953000000001       0.81790499999999999                8
  -2.1065060000000000       -4.2687020000000002       -5.7867810000000004                9
   14.228033999999999       -11.750897999999999       -7.0564030000000004                6
  -16.130714999999999        2.5201150000000001        6.8829770000000003                8
  -5.0413819999999996        4.8128000000000002        14.672299000000001                4
  -16.201056000000001       -15.420559000000001        5.2172840000000003                2
  -10.561897000000000        5.9147999999999996        8.4668170000000007                8
  -5.6855279999999997        12.205978999999999        17.248891000000000                4
  -8.6129429999999996        6.7141999999999993E-002   9.9479140000000008                8
  -4.6932380000000000       -15.418430000000001       -8.8645270000000007                6
  -5.4809929999999998      -0.97244699999999995        15.266577000000000                2
  -10.734280000000000        16.149422999999999        1.0546400000000000                4
  -5.2148909999999997       -10.703239000000000       -11.573651000000000                8
  -1.6384590000000001       -19.176476999999998        9.7765039999999992                2
  -12.639498000000000        14.739554999999999        9.6084219999999991                4
  -19.741360000000000       -10.428330000000001      -0.66956499999999997                8
  -2.7163330000000001        9.4936609999999995        5.1852410000000004                3
 -0.15987799999999999        13.126436999999999        3.2192010000000000                3
   10.803335000000001       -12.063458000000001       -6.0053000000000001                1
  -5.8538649999999999        4.6829549999999998        7.5690070000000000                2
   6.6833549999999997       -9.1489320000000003        8.4062319999999993                7
   3.6461190000000001       -5.0524430000000002       -3.8562740000000000                3
   7.4199130000000002       -1.1640960000000000       0.80201699999999998                8
  -11.081079000000001        7.1433460000000002        5.1275940000000002                8
  -7.2407719999999998        2.2106740000000000        6.7751799999999998                8
   8.2794360000000005        5.6209090000000002       -6.3061800000000003                1
  -1.5557570000000001      -0.77106500000000000       -2.0227390000000001                7
  -2.7412580000000002        2.1696740000000001        6.0753159999999999                3
   9.0939549999999993       -3.2591070000000002       -8.1880910000000000                3
  -2.9385150000000002      -0.86118300000000003        11.781636000000001                2
   2.9242620000000001       -4.9595520000000004      -0.75255700000000003                3
   1.6975060000000000        16.482417000000002       -12.396822000000000                9
  0.42129699999999998        2.7862770000000001       -13.056203000000000                1
  -10.350751000000001       -7.0872159999999997        7.7052639999999997                8
   3.4745029999999999        16.860557000000000        6.2261249999999997                3
  -9.9543330000000001        5.3126749999999996        14.334023999999999                4
   15.878969000000000       -7.9647290000000002       -15.836206000000001                1
   2.8190800000000000        12.839661000000000        7.2098860000000000                3
   9.6569500000000001        6.0209339999999996       0.26416499999999998                7
   5.9631449999999999        14.633310000000000       -2.9585569999999999                5
  -9.8132660000000005       -8.8479880000000009       -9.9657780000000002               10
 -0.52240100000000000        3.0504330000000000        5.1558440000000001                2
  -5.3224090000000004        5.0681799999999999        5.9023709999999996                7
  -2.6344340000000002       -8.7877349999999996        7.7772759999999996                6
   18.904561999999999        1.1764530000000000       -1.2490810000000001                3
   2.9880369999999998        1.7545770000000001        6.6398720000000004                8
   11.918373000000001      -0.20590000000000000        14.109176000000000                7
   1.8045840000000000       -2.4520710000000001        9.3258369999999999                6
 -0.59766200000000003       -10.618266999999999       -6.3492860000000002                2
  -6.6619029999999997        13.327874000000000       -11.515491000000001                9
  -4.7040379999999997       -1.5482680000000000        19.624164000000000                7
   16.824116000000000      -0.49979499999999999       -6.8249760000000004                3
  -5.1313300000000002        8.6791830000000001        16.943639000000001                7
  -10.228147000000000       -20.474723000000001        4.8774179999999996                2
   5.2643680000000002       -15.589971999999999        4.0096160000000003                2
 -0.47450700000000001       -13.361891000000000       -4.7757059999999996               10
   1.9340109999999999        18.172494000000000        3.1121040000000000                4
  -8.3133490000000005       -16.014593999999999        9.5052950000000003                2
  -4.7090949999999996       -9.1690900000000006       -1.9146430000000001               10
  -6.4776699999999998       -15.207924999999999       -5.3819129999999999                2
 -0.38178099999999998       -7.6871330000000002        4.1486150000000004                7
   2.8030119999999998       -9.1496980000000008        1.4111100000000001                5
   9.5254840000000005        6.6592300000000000        15.335355000000000                7
  -3.4470630000000000        4.7262579999999996       -5.1648199999999997                8
   5.0870709999999999        14.999333999999999       -7.6552080000000000                3
  -1.1251389999999999       0.41665500000000000       -16.155545000000000               10
   3.1376010000000001        8.0276060000000005        9.9508930000000007                4
  -3.3690490000000000       -5.5111999999999997       -8.9267909999999997                6
  -11.193311000000000       -3.6978409999999999        4.2774099999999997                2
   7.6613150000000001        16.659064999999998       0.15959499999999999                3
  -1.7572620000000001        2.2585030000000001       -4.2625770000000003                4
   13.070207999999999       -11.656628000000000       -15.598822999999999                1
 -0.60515399999999997       -6.7221460000000004        14.344780999999999                7
 -0.99810699999999997       -16.394316000000000       -5.3897259999999996                2
   2.3571279999999999       -3.7023329999999999       -7.6888430000000003                3
   2.5529410000000001        11.187892000000000        4.0401410000000002                5
   4.5300260000000003       -4.1639889999999999        11.064717000000000                2
 -0.42635899999999999        17.877790999999998       0.41185200000000000                4
 -0.57652899999999996       -3.8607879999999999      -0.72164600000000001                2
   6.7835470000000004       0.49456200000000000        4.9480000000000004                6
   8.7967879999999994        9.2186930000000000        14.483774000000000                7
  0.18121799999999999       -11.766850000000000       -5.6127190000000002                2
  -9.0911980000000003       -14.304200000000000       0.44457500000000000                8
  -7.0599749999999997       -18.051818000000001       -11.383346000000000               10
   10.247885000000000        8.2651330000000005        6.6353049999999998                7
  -2.8308130000000000        16.145862000000001       -10.809055000000001                5
  -4.5576049999999997       -9.2742109999999993       -2.5958169999999998                2
   2.5197949999999998        3.2761350000000000        8.4143989999999995                4
   1.9840540000000000        2.1308919999999998       0.49864799999999998                7
   13.981854000000000        5.5405959999999999       -13.540016000000000                3
  0.23472599999999999        5.0509290000000000       -2.7366480000000002                1
  -3.3747150000000001        6.8425159999999998        2.3978619999999999                3
   6.6000280000000000        7.9833080000000001       -11.757789000000001                3
  -4.8755300000000004        3.6849150000000002        17.687035999999999                7
   6.7802170000000004        18.005234999999999       -1.4528909999999999                3
  -2.3597380000000001        7.4868670000000002        13.892073000000000                4
   7.9198300000000001        17.311934000000001       -7.7320710000000004                9
  -6.6735239999999996       -1.3316800000000000       0.61195500000000003                7
   8.6324419999999993        5.9768039999999996       -1.6737200000000001                7
   7.7544440000000003       -11.488880000000000       -18.364511000000000                1
   3.5064739999999999       -5.7507830000000002       -6.5917830000000004                9
  -3.0809970000000000        5.4465960000000004        8.6985589999999995                8
  -12.337833000000000       -15.277934000000000        7.2509999999999996E-003           2
   5.0621970000000003       -17.688499000000000       -15.423997999999999               10
   3.7179099999999998        4.1209270000000000       -18.151544999999999                9
   13.295833999999999       -8.5982529999999997       -11.013059000000000                6
  -6.4341850000000003       -8.8347020000000001        4.7892140000000003                8
 -0.14056800000000000       -1.0274080000000001       -7.1983899999999998               10
   1.1950940000000001       0.24908800000000000        11.713385000000001                2
   2.2509749999999999        14.112517000000000       -1.8079870000000000                4
   2.3722259999999999       -1.1334270000000000        10.926729999999999                2
  -2.1992500000000001        20.331002000000002        10.498339000000000                4
  -3.3600219999999998       -11.912133000000001      -0.71206800000000003                8
  -6.4428130000000001      -0.30839699999999998       -3.0563560000000001                6
   5.6773800000000003       -2.3234810000000001       -1.2939300000000000                2
  -13.625097999999999        7.0408030000000004       -1.4311929999999999                8
  -8.3809389999999997        1.9667580000000000        6.6610300000000002                2
  -6.9185359999999996       -17.473201000000000        7.0345110000000002                2
  -2.5307810000000002       -6.1623219999999996       -2.0298660000000002               10
  -8.3602799999999995        5.6356109999999999        16.350622000000001                7
  -10.820581000000001        2.0157590000000001        14.946781000000000                7
  -10.734232000000000       0.79085300000000003        14.438065000000000                4
  -6.7567469999999998       -2.3934479999999998       -8.4533269999999998                9
   4.4692869999999996       -4.2642970000000000        6.3556319999999999                3
  -16.207445000000000       -6.9846409999999999        11.719111000000000                2
  -8.5696490000000001       -13.985030000000000       -5.0455120000000004                6
   3.7272940000000001        14.233022000000000       -13.974864999999999                9
   1.9242990000000000       -3.1635759999999999       -4.0763220000000002                9
   6.8730869999999999        10.585236999999999        13.265763000000000                3
   11.454241000000000       -12.364259000000001       -11.019940000000000                6
   6.1967639999999999        6.7054060000000000        1.3941889999999999                5
 -0.49133100000000002       -4.3840899999999996       -13.169810999999999                9
  -4.6755259999999996       -3.3130000000000002       -2.6123850000000002               10
  0.39433800000000002        11.402084000000000        14.938058000000000                4
  -10.574562999999999      -0.93244899999999997       -6.1568980000000000                5
   10.167999999999999        11.062563000000001       -9.3119630000000004                3
   10.404472000000000        5.5800429999999999       -9.9171010000000006                1
  -5.1678300000000004       -6.3402399999999997        7.5860110000000001                8
  0.36777500000000002        6.3567980000000004       -13.267362000000000                1
   12.115736000000000       -5.5382509999999998        2.0739749999999999                3
  -7.2555969999999999        7.7557260000000001        15.910167000000000                4
   2.1565669999999999        1.4591120000000000       -24.299806000000000                1
  -12.877229000000000       -14.224748000000000        8.3589699999999993                2
  -1.6438530000000000        11.101120000000000        8.3169470000000008                7
   5.7228349999999999       -15.857047000000000       -5.9207369999999999               10
   4.2148789999999998        3.4208379999999998      -0.84450800000000004                6
   8.6364079999999994        6.8214210000000000        11.559690000000000                7
  -1.7311270000000001        2.6006070000000001        12.234885999999999                4
   3.1507770000000002        6.4794689999999999       -10.863270000000000                1
   2.4800130000000000       -5.5475430000000001       -19.454661000000002               10
  -2.9103669999999999        17.340509999999998        12.317655000000000                4
  0.36514900000000000        5.5559269999999996        12.370144000000000                4
 -0.16877700000000001       -6.7914040000000000        1.8981470000000000                7
   7.5162800000000001      -0.84920799999999996        8.4016110000000008                6
   2.3706700000000001       -2.0651220000000001       -20.491223000000002               10
   19.021936000000000        5.2550619999999997       -1.3464290000000001                3
   10.736895000000001       -15.030753000000001       -13.242621000000000                1
  -19.349917000000001        2.1803580000000000       -3.0635770000000000                8
   6.5146759999999997        12.443838000000000       -1.7235240000000001                5
   6.2344510000000000        8.8836840000000006       -4.0638649999999998                7
   7.7517930000000002       -8.1388090000000002        10.656136000000000                6
  -7.3633129999999998        3.6198830000000002       -13.596038000000000               10
   4.4725250000000001        8.7013269999999991        9.3091349999999995                4
   14.018625000000000       -11.106462000000001       -4.2383579999999998                6
   16.582764000000001        7.5456219999999998        5.5528240000000002                3
   5.1446019999999999        3.6387380000000000      -0.24148000000000000                1
  -6.7072789999999998       -8.6538590000000006       -6.4041110000000003                2
  -2.1812510000000001        9.8917549999999999       -18.157236000000001                9
 -0.42555700000000002        14.887178000000000       -14.625451000000000                9
   7.5675720000000002       -20.511498000000000        5.3046040000000003                6
  -7.8074930000000000       0.57427399999999995        10.043396000000000                4
   13.228016000000000       -17.989801000000000       -4.6415800000000003                6
  -10.623215999999999       -13.128914000000000        11.311801000000001                2
  -1.5242849999999999       -7.2762680000000000       -1.2319439999999999                2
   2.3098269999999999       -10.458373999999999       -4.0154059999999996               10
   9.7338430000000002       -4.3490169999999999       -10.284499000000000                6
  0.40787200000000001       -6.0614249999999998        16.184311999999998                7
   7.6315830000000000       -19.857558000000001       -7.1943080000000004                6
   10.884433000000000        6.1309040000000001        7.5555930000000000                7
  -2.7916400000000001       -6.4607640000000002       -11.389442000000001                8
  -5.4378510000000002       -20.031189999999999        1.6215690000000000                2
   4.1729060000000002        12.093800000000000      -0.33635300000000001                4
   2.7289110000000001       -1.9214700000000000        20.708006000000001                7
   16.867359000000000       -12.100336000000000       -2.4158830000000000                6
   9.4381459999999997        11.345511999999999       -3.8569960000000001                9
   15.126220999999999      -0.14918999999999999       -3.3276249999999998                6
   2.5320939999999998        14.378132000000001       -15.187608000000001                9
  -2.0421600000000000       -6.9873459999999996        12.689802000000000                7
   5.4561690000000000        1.0091390000000000       -2.7322570000000002                5
  -7.3324650000000000       -15.827567000000000        12.367831000000001                2
  -12.024114000000001        14.744653000000000        5.4933019999999999                4
  -15.764205000000000       -2.5746549999999999        7.4539390000000001                2
  -18.590813000000001       -7.2886439999999997       -2.7839630000000000                8
   12.924294000000000        12.695638000000001        7.5157689999999997                3
  -9.0884099999999997       -2.2511359999999998        13.629039000000001                2
  -13.505110000000000       -9.0838239999999999        12.810833000000001                2
 -0.78551800000000005       -9.2739609999999999       -1.1567310000000000                8
   3.6512590000000000        7.2397030000000004        12.628254000000000                3
  -1.0924339999999999       -9.2593139999999998       -10.102061000000001                6
   2.1177139999999999        3.3432490000000001        3.6830280000000002                5
  -18.650164000000000        3.7183910000000000        3.9706980000000001                8
   2.9711870000000000        16.624223000000001       -5.5929690000000001                5
 -0.55654700000000001        11.642569999999999       -1.0577179999999999                3
   9.5690600000000003       -10.023013000000001       -2.4812979999999998                1
  -5.3772390000000003       -11.341968000000000        18.472887000000000                2
 -0.40355400000000002        11.064577000000000        12.337821999999999                7
  -11.370335000000001      -0.57041900000000001        12.327093000000000                8
  -2.0967980000000002       -10.068092999999999        7.2910779999999997                7
  -17.553628000000000       -1.7987850000000001       -8.6022090000000002                8
  -1.5884370000000001      -0.12769000000000000        16.837769999999999                2
  -7.8972790000000002        15.924301000000000       -6.4879449999999999                5
  -17.775573000000001       -7.2944969999999998       -8.2356239999999996                8
   1.2135149999999999       -2.8591470000000001        8.5013769999999997                6
  -11.957929000000000        1.3584760000000000        4.2654300000000003                4
  -17.259405000000001      -0.83005300000000004        5.5107540000000004                8
  0.93431299999999995        7.5155289999999999       -8.5538580000000000                3
   10.912462000000000       -17.444901000000002      -0.39384999999999998                6
  -9.6898700000000009      -0.65303500000000003        13.357117000000001                2
  -9.4367710000000002        1.0595619999999999        7.1992779999999996                4
  0.83421199999999995       -13.725232999999999       -3.0632660000000000               10
   2.2630789999999998       -1.4112229999999999       -13.329029000000000                3
   1.2485180000000000        6.8116070000000004       -12.056423000000001                3
  -11.887199000000001        10.950357000000000       0.47327300000000000                5
 -0.74057200000000001       -16.495418000000001        7.1383419999999997                6
  0.47836600000000001       -2.0559959999999999        16.871148000000002                2
  -13.660686999999999        2.2558600000000002        2.2572329999999998                4
   9.8109000000000002E-002  -17.374707000000001        3.6669170000000002                6
  -20.975097999999999       -4.0300919999999998       -1.6030910000000000                8
  -3.9759350000000002       0.40072999999999998        7.1333810000000000                4
 -0.42794599999999999        1.9500880000000000        8.9105070000000008                2
  -3.4396520000000002       -3.6602090000000000        5.9992279999999996                8
   1.7054220000000000       -5.7458280000000004        17.108034000000000                7
  -6.2950770000000000       -2.0744810000000000       -11.480603000000000                8
  -5.6682389999999998        18.236950000000000        9.5732180000000007                4
   5.8197000000000001       -1.3715269999999999       -23.508803000000000                1
   10.435307000000000       -5.2948909999999998       -18.167096999999998                1
  -9.9833210000000001        14.030141000000000       -9.1715689999999999                5
  -12.515326999999999       0.28894100000000000       -3.8866689999999999                4
  -4.3940760000000001       -8.5944999999999994E-002  -8.7560990000000007                8
   2.9722260000000000        4.2056259999999996        21.148485000000001                7
  -13.509031000000000       -8.9224060000000005        2.6088870000000002                2
 -0.65954599999999997       -13.284015000000000        16.131011999999998                2
  -13.410887000000001       -5.5575770000000002       -9.7703129999999998                8
  -7.4111789999999997       -10.248151999999999       -8.6644059999999996                8
  -14.079829999999999      -0.78743399999999997       -13.007415999999999                8
   5.4715400000000001        11.365987000000001        4.9173929999999997                7
   1.8060959999999999        2.3585900000000000       -4.2222390000000001                6
 -0.72111899999999995        1.3631880000000001       -7.5684089999999999                6
   3.8763489999999998      -0.61977599999999999        1.3152500000000000                2
  -9.4089950000000009        4.6954339999999997       -17.300886999999999                9
   4.7062549999999996        10.165193000000000       0.85411800000000004                5
   6.0452399999999997        1.5785520000000000       -6.1534370000000003                9
   6.3729500000000003       -14.558671000000000       -17.139268999999999               10
  -9.1416009999999996       -18.403092000000001        2.0071710000000000                2
  -9.3803289999999997        12.868805000000000       -13.275596999999999                9
  -5.2350490000000001       -10.786721999999999       -7.1527229999999999                8
  -13.564952000000000        12.586582000000000        2.7117110000000002                4
  -1.7706759999999999       0.88398100000000002       -2.8782060000000000                6
   6.5436340000000000       -7.1443820000000002        13.925706999999999                2
   5.5872380000000001       -8.2592420000000004        16.420024999999999                7
   2.6684150000000000        2.0425920000000000       -11.590044000000001                3
  -10.557657000000001        10.438046999999999        14.034808000000000                4
   9.1263600000000000       -8.1182339999999993       -9.9390699999999992                6
  -1.3521710000000000        3.2140130000000000        20.173203999999998                7
   4.5935600000000001      -0.82730800000000004        7.7605240000000002                2
   5.9763809999999999        7.7246340000000000        4.6181130000000001                4
   4.5268680000000003       -20.395116999999999       -1.3601330000000000                6
   5.5629309999999998       -2.5631379999999999        18.391083999999999                7
   7.6006349999999996       -12.624529000000001       -10.836620000000000                6
   6.8791200000000003       -3.1520959999999998       -19.311983999999999                1
  -3.3840219999999999        4.3638310000000002        3.0564079999999998                7
   1.9178660000000001        8.5978139999999996        18.331261999999999                7
 -0.99445700000000004       0.71374099999999996       -10.183441999999999               10
  -3.3776579999999998       -9.2886559999999996        2.4224260000000002                8
  0.57158799999999998       0.42598100000000000        2.7726630000000001                4
  -5.2703910000000000        8.6389399999999998        6.1940000000000000                7
   9.9842250000000003        3.2050500000000000       0.32853300000000002                6
  -7.8916639999999996       -5.0155900000000004        15.834970000000000                2
   2.8596159999999999       -5.9439469999999996        16.279737000000001                2
   11.947546000000001       -4.0143030000000000        12.364699999999999                7
   3.7023359999999998       -12.384528000000000       -10.955354000000000                6
  -4.9233430000000000       -1.8315370000000000       -9.7658509999999996                8
   16.980505000000001        8.7639899999999997       -1.0941770000000000                3
  -7.0671039999999996       -17.851602000000000        12.305853000000001                2
   13.428122000000000       0.61741100000000004        6.4102870000000003                3
   11.488317000000000      -0.11096600000000000       -3.7849089999999999                6
  -14.894522000000000        6.1934240000000003        4.1526470000000000                8
  -1.4714540000000000        8.0065570000000008       -1.2595400000000001                3
  0.36652499999999999       -9.3063190000000002        9.6055720000000004                6
  -3.4215249999999999       -8.0020999999999995E-002  -20.400230000000001               10
   11.646449000000000       -18.478012000000000        2.4464730000000001                6
  -9.4363700000000001        6.8764149999999997       -14.333754000000001                9
   11.218942999999999      -0.42511199999999999        2.7769439999999999                6
   10.073477000000000       -5.1653710000000004        3.5168320000000000                7
   8.4026660000000000       -8.0735560000000000        14.185694000000000                7
  -7.8221730000000003       -11.031430000000000       -3.1540020000000002                2
   6.2701989999999999       -13.743740000000001       0.64875799999999995                2
  -4.5064469999999996        1.8489279999999999       0.17635100000000001                6
   3.6532369999999998       -8.9603050000000000        15.849491000000000                2
  -3.9022420000000002        2.1240000000000000E-003   14.723532000000001                2
  -2.6322739999999998       -11.649889000000000       -19.783497000000001               10
   11.258065000000000        3.4869219999999999        2.3741840000000001                7
   3.0140310000000001       -10.058961000000000       -5.7495630000000002               10
   13.671253000000000        11.805800000000000       -9.9426170000000003                3
  0.51000299999999998       -6.1671810000000002       -22.734317999999998               10
   10.855727000000000       -10.444762000000001       -18.534801000000002                1
   2.6336059999999999       -16.554895999999999        10.794598000000001                2
  -3.0355240000000001       -18.582870000000000        9.9948720000000009                2
   1.6271500000000001       -5.0807029999999997       -10.334434000000000                6
  -16.272102000000000       -11.149338000000000       -4.2154990000000003                8
   15.867514000000000        10.742632000000000        3.7834439999999998                3
   3.2259549999999999       -8.2412880000000008        11.776961999999999                6
  -10.751079000000001        16.716666000000000        6.1180979999999998                4
   2.2798440000000002       -7.3793499999999996       -2.2009580000000000                1
  -1.4632350000000001       0.84802999999999995        1.0973670000000000                7
  -8.1309009999999997       -14.768858000000000       -3.3177710000000000                8
   3.3825609999999999        15.263455000000000        1.5497449999999999                4
   5.2520040000000003       -9.9079910000000009       -1.2359890000000000                1
   4.0428879999999996       -7.2287710000000001       -12.400627999999999                6
  -5.1993190000000000       -2.9212889999999998       -3.6483129999999999               10
   7.4496770000000003       -21.233385999999999       0.62999499999999997                6
   13.278136000000000        8.9968640000000004        5.0998590000000004                3
   2.1127440000000002       -4.4882330000000001       -15.720815999999999               10
  -11.440182999999999       -11.490455000000001        15.034445000000000                2
  -7.2602500000000001        17.664359999999999        6.6962349999999997                4
  -7.9874710000000002       -11.102902000000000       0.99751800000000002                6
  -19.808322000000000      -0.84469200000000000        6.4978999999999995E-002           8
   8.0559530000000006       -7.2115879999999999       -1.5277660000000000                3
   1.7232710000000000       -20.371219000000000        4.8490880000000001                2
   4.7022430000000002       -15.509569000000001       -6.3257610000000000               10
  -1.5714999999999999      -0.55093499999999995        6.6666600000000003                4
  -13.566700000000001       -12.929125000000001       -2.3905050000000001                8
  -14.267915000000000        12.530837000000000        5.8158230000000000                4
   7.0898750000000001       -11.766717000000000        9.1743970000000008                6
   7.1267849999999999        5.9612800000000004       -2.2389359999999998                5
  -16.260567000000002        6.6381589999999999        4.8717249999999996                4
  -5.3878100000000000        1.2129970000000001        10.611659000000000                4
   4.9907789999999999       -14.869247000000000        9.5427450000000000                6
  -4.7756090000000002        4.5320140000000002       -10.200329000000000                8
  -1.3258719999999999       -3.6242519999999998       0.26453800000000000               10
 -0.42660300000000001       -3.6371600000000002        19.860147999999999                7
  -9.7977609999999995       -5.7248489999999999        1.1443490000000001                2
  -11.016667000000000        6.5719320000000003       -7.0177259999999997                4
  -5.6913140000000002       -10.922442000000000       -5.0119389999999999                8
  -6.5964320000000001       -12.615128000000000        1.6696560000000000                8
  0.13245100000000001      -0.14740300000000001       0.42891200000000002                2
   4.6715799999999996       -13.300542999999999        8.5507779999999993                6
   10.127757000000001       -4.5246350000000000        11.438567000000001                7
  -11.309694000000000       -3.5400610000000001        5.4051999999999998                2
   1.6429499999999999        16.675402999999999       -4.1898900000000001                4
   1.0541890000000000       0.37802999999999998        2.6693999999999999E-002           4
   6.0460609999999999       -10.846411000000000       -1.5263000000000000                2
  -4.7019520000000004       -12.832219000000000        5.8246909999999996                6
  -10.342821000000001       -4.7002150000000000       -6.3787950000000002               10
   13.659910999999999        14.836041000000000        3.6347649999999998                3
   8.3819280000000003        14.520194000000000        2.2608340000000000                3
  0.12144000000000001        4.9197680000000004        2.4081380000000001                7
   3.8591790000000001        2.9285160000000001       -11.500935000000000                3
   9.2638780000000001       -3.0722740000000002        7.5271580000000000                3
  -12.315308000000000        9.2995400000000004       -1.4398000000000000                4
   7.2374080000000003        10.426505000000001       -3.5961240000000001                5
  -10.081428000000001        15.248205000000000        12.429596000000000                4
   17.212734000000001       0.83844099999999999      -0.41409800000000002                3
  -18.174634999999999        4.9956199999999997       0.17275900000000000                8
   2.9231539999999998        1.4686040000000000       -5.6934680000000002                6
   7.0512030000000001        8.3608100000000007       -10.990562000000001                3
   4.2872550000000000       -5.6199529999999998       -16.288850000000000               10
   10.434161000000000       -12.303962000000000        5.8110229999999996                6
   13.990783000000000       -8.5146680000000003       -7.8694210000000000                6
   7.2501810000000004       -12.371584000000000       -6.9597439999999997                1
   4.4383039999999996       -5.9497410000000004        18.443156999999999                7
  -14.204463000000001        5.6212280000000003      -0.96023499999999995                4
   14.530976000000001       -9.9042919999999999       -7.7640000000000001E-003           6
   10.811880000000000       -16.575509000000000        4.8083450000000001                6
  -8.2822960000000005       -14.145103000000001        13.075388999999999                2
  -8.9560420000000001        11.060563000000000       -14.914401000000000                9
  -5.7867550000000003       0.17991299999999999        1.5806229999999999                2
   15.469993000000001        1.0567720000000000       -9.8848269999999996                3
   3.3155619999999999       -6.0681710000000004        4.0567960000000003                7
  -7.2996030000000003        14.563074000000000        13.538754000000001                4
  -5.3560610000000004       -20.532560000000000        5.8091320000000000                2
  -17.839300999999999       -9.9589230000000004        2.6159119999999998                8
  -3.6626690000000002       -12.815467000000000        15.890058000000000                2
  -3.5160390000000001        10.005201000000000        14.617480000000000                4
  -12.824717000000000       -10.158234000000000        9.3771079999999998                2
  -8.2618899999999993        11.505343999999999       -16.799129000000001                9
  -10.157203000000001        9.3202400000000001       -11.591739000000000                9
  -6.6349939999999998       -3.8034849999999998        8.4236199999999997                8
  -1.5801240000000001        17.073349000000000       -10.922345999999999                9
   17.041841000000002        7.5383350000000000        2.3823880000000002                3
   3.4054799999999998       -2.2150690000000002        18.605079000000000                7
  -1.1157600000000001       -1.8003210000000001       -2.8774579999999998               10
   4.7231629999999996       0.93955299999999997        19.355945999999999                7
   4.7740530000000003       -13.567631000000000       -9.3836150000000007               10
  -3.8211110000000001        9.8301040000000004       -4.6460379999999999                4
  0.49378600000000000       -6.1500709999999996        16.130061000000001                2
   1.6791050000000001        5.8380950000000000       -20.566711000000002                9
   18.516831000000000        5.5528040000000001      -0.86663100000000004                3
  -8.6357640000000000       0.58140199999999997       -12.062977000000000                8
