   -3.897875   -9.925419    0.580418   2
    8.437429   10.185935    2.919376   1
   -4.897765    7.633517    8.823861   2
    0.952174   12.328422   -2.535631   1
    5.927064   -7.798721    5.942953   2
   11.752906    4.148004    3.378151   2
   -6.617049   -6.951685    3.625738   2
    4.088833    8.354576    0.184160   1
   10.355862   -1.478670   -2.897930   1
    6.493616   -2.161514   -3.178498   1
   13.018779    2.800963   -4.395167   1
    1.097403    2.198385    1.477348   2
   -4.558765   -8.513907    7.563097   2
   -6.697486   -0.795313   -7.072838   1
   -9.311465   -0.235540   -1.879617   1
    0.964099    6.973120   -7.420781   1
    4.206434   -7.375953   -0.840357   2
   -3.165202    9.470880    1.359850   1
    5.025490    3.559094  -11.200120   1
   -7.894191    4.085411   -0.518856   1
    2.924061   -1.279192    7.578151   2
   -7.470552    8.035140  -10.167083   1
   -1.291978  -12.302481    3.771769   2
   -3.405359   13.269312   -1.989945   1
    2.425034    7.352178    5.730225   2
  -10.107849   -3.934315   -3.170037   1
   -1.630477   -7.978171    5.234777   2
    2.385607   -9.984254    5.306339   2
   -1.188974    5.795876    5.874573   2
  -10.430203    5.988988   -0.754432   1
    1.781488  -10.641498   -1.941007   2
   -7.103019   10.658515    4.208381   1
   -2.468265  -11.045749   -7.194187   1
    1.411856   -5.882314  -11.818613   1
    1.986343   10.707705   -6.685102   1
    9.944545   -5.490551    5.499251   2
  -13.875176    1.706744    4.641202   2
   -1.561682    1.808225   14.758626   2
    9.870584    6.062292    6.200684   2
   -0.617953  -10.703011   -0.663074   2
   -1.934212   10.960308    6.412167   2
   -2.579331    6.409598    2.709561   2
    9.342292    2.971643   -4.610891   1
    6.737126   -7.228944   -1.442555   2
    7.103998   -2.282209    9.199653   2
  -12.686650   -1.299296    0.508070   1
   -8.105265   -1.386818    7.248540   2
    6.460591    8.858067   -2.538840   1
   -0.643290   -0.027440    8.833745   2
    1.174568   -4.071307    9.006742   2
    7.212452    6.700212    3.952743   2
   10.511130    3.529276    9.131253   2
    5.110169   10.561506    6.361821   2
    1.714821  -12.499351    1.262699   2
    1.883317   -3.442733   -3.356455   1
  -11.616224    3.793928   -9.235390   1
   11.780582   -4.026145    1.055874   2
   -7.885661   -3.246924   -9.635333   1
   -8.488088   -2.726278    2.210488   2
   -5.633301   -4.666994   13.507404   2
   -2.166592    9.658269   -5.841797   1
   -2.578478    6.269174   -6.973275   1
    1.631565   -8.372769    1.422274   2
    7.723966   -8.891358   -2.522755   2
   -8.381040   -8.549218   -5.643517   1
    1.313614   -6.943086    6.929083   2
   -3.446593    2.948690    8.959688   2
   -4.791609   -6.785672   -4.489484   1
    1.971189    1.966323   10.965875   2
  -10.580089   -3.201971   -3.886483   1
  -10.005211    3.778949    3.342222   2
   10.504198    4.974566    2.810989   2
    1.097493    2.646047    5.933952   2
    7.561851   -8.670935    2.608690   2
   -5.291627   -1.301716   -4.527872   1
   -7.479952    6.222003    3.895389   2
    3.734627   -0.940219  -11.819463   1
    2.369882   -0.123539   -5.935051   1
    8.543761    4.932533  -11.939065   1
    3.075384   -6.877172   -8.827946   1
   12.888296    1.974409    2.669297   2
    3.688970    3.646324   -4.843244   1
    5.406138    8.177126   -1.343625   1
    9.220566    4.590072   -5.151230   1
   11.244290   -7.101646   -0.807380   2
    3.925089    8.334046   -4.626686   1
    2.181812   -8.415165   11.588016   2
  -13.377863   -4.711755   -0.811685   2
    0.229478    9.338001   -2.733527   1
   12.507169   -2.887528   -6.535170   1
   -0.059441    8.635853    3.472154   1
   -9.783535   -6.721843   -2.820847   1
    1.627068    5.232969   -5.792866   1
  -10.121322    5.320029   -3.971087   1
    6.608915   -2.373437    3.358930   2
  -10.889229    2.310551    6.906463   2
   -5.818394    8.567114   -6.942120   1
   -2.332076   -0.606847    3.217298   2
   -9.595701   -4.789044    6.414740   2
    8.694368    6.733312   -1.922965   1
   -7.059289   -7.555580   -0.672260   2
   10.346323   -5.784728   -6.213293   1
    7.416561   -4.465080    0.643914   2
   -8.798072    3.320909   -3.243008   1
    0.019147   -4.994685   -7.542359   1
    2.434400  -10.242931   -3.556740   2
   -4.656788    7.972124    5.326822   2
    3.083475   12.862601   -3.324422   1
   -8.653452    1.186804    0.980101   2
   -9.896253    6.490117    1.091437   1
   -4.948105   -1.773273   -3.894488   1
    8.851033    0.179683    0.237399   2
   -6.099895   -4.835380    8.775406   2
    7.941030    0.228999    5.617731   2
    4.200777    8.271578    2.798205   1
    3.308781    3.840158    0.614462   1
   11.466353    2.578985   -0.734168   1
    0.256151   -8.367771    1.862301   2
    4.051460   -3.711154   11.589937   2
   -6.527988    7.598231    0.512188   1
    4.288848   -6.199435   -4.223818   1
    7.337845    2.365056   -3.004208   1
   -6.549539    3.293853    7.188040   2
   -4.644541   -4.066703    2.628246   2
   -4.814598  -10.170277    4.159265   2
  -14.073971    4.963980   -0.336160   1
   -2.159051    0.692678   -5.097971   1
   -5.058381  -10.245676   -2.918061   2
    6.204253   -2.786384    1.144426   2
    9.371235    2.307555    0.963499   1
  -11.138158   -1.182017   -8.166580   1
   -7.878957   -5.035449   -6.069438   1
   -1.821674   -9.159134    4.213031   2
    8.289029   -4.021240   -7.387757   1
    3.948559   -3.045622   -7.567422   1
   -4.325041   13.018150    1.466895   1
    4.494781   -5.029451    7.655084   2
    4.615285   -2.794656   10.243345   2
    7.433034   11.490169   -6.627028   1
   -5.873092    5.563950   -9.093393   1
    0.035405   -6.480049   -1.268620   2
    8.267515   -0.880174   -1.151718   2
    0.509596   13.008759   -0.331414   1
   -6.139755   -1.783181  -13.730642   1
  -10.604299    0.195883   -5.628260   1
   -7.470971    2.794744    0.891400   1
   -0.695691    2.899022  -15.346031   1
    1.196772    5.378459  -11.647099   1
    8.026916    7.445838    0.940320   1
   -9.296737    5.809798    7.282467   2
   -8.045985    9.025768   -3.243955   1
    3.336262    2.913159   10.098845   2
   -4.412874    2.029708    0.618624   2
   -4.119149   -1.264982  -10.024589   1
   -8.818056   -1.801830    6.263831   2
    4.061702   -9.762672    2.058755   2
    9.770494    0.282789    7.121461   2
   -2.023315   -5.282072    7.600023   2
  -13.460814   -3.693137    3.450572   2
   -9.257258   -6.290952    0.701073   2
   -2.072834   -4.114358   -4.694735   1
    1.801095    8.227541   -7.962758   1
    8.603661   -5.298083   -3.064249   2
   -6.887267   -4.536207   -2.667217   1
   -6.440280    0.962318    6.055694   2
   -4.964684    6.136287    9.760249   2
    3.080521    3.198820   -8.762430   1
   -0.219062   -6.675032    6.197487   2
   -6.665042    5.936088   -5.311313   1
    9.549896   -1.513270   -3.246119   1
   -6.602497    9.328635    0.125695   1
    6.856413   -5.646716   -7.131938   1
  -11.840950   -5.251963   -9.363634   1
    1.889255   -5.267260   -9.041269   1
    1.219204    1.367122   -9.790100   1
    7.970430    0.164298   -6.843436   1
    1.127468   -9.305208   -6.768770   1
    2.233269   11.483599    3.214856   1
   -1.549641    3.625185  -10.104652   1
    4.788232    3.631669    4.576489   2
   -0.579584   -3.876423   12.135056   2
   -3.914612   -7.576199   -0.546297   2
    6.317903    0.000640    6.048936   2
    6.374154    5.021414   -7.972751   1
   -1.225161    9.405548    5.158517   2
    7.728236    7.887961   -6.223357   1
    1.142041   -4.326463   -2.568766   2
    8.341228   -2.984039    6.372905   2
   -6.446592   -4.155848   -6.354626   1
    9.571414    7.798112   -6.926966   1
   -3.704072    3.252761    1.485696   1
    0.724796    6.796125    8.959420   2
   -3.773119   -2.117484    6.835561   2
   -6.222222   -0.067461    0.076974   1
    5.728063   -5.388690    6.866820   2
    0.527843    7.771178    8.182235   2
    1.733105    6.973989    4.743629   2
   -7.369100  -11.675418    0.797563   2
   -6.181997    3.038518   -8.192537   1
    4.448754    5.156699   10.432502   2
   -3.279432   -2.136365   -8.256232   1
   10.841709   -2.764049    3.670811   2
   -0.120505   -1.823490  -10.915638   1
   -1.412994   -0.899224   -5.523291   1
   -3.694041   -3.736876   -1.382159   2
    9.883623   -1.731204  -10.154882   1
    0.144930    4.124974    2.197139   2
   -3.833162   -5.100644   -7.726069   1
    7.542161    0.107730   -7.507905   1
   -1.524100   -0.050256   -1.097167   1
   -1.173273   -6.078076    1.105650   2
   -6.137892   -0.971673    2.563882   2
   -0.151363    4.969615   -9.496853   1
   -1.404196    5.314835   -2.157287   1
   10.246253    2.515915   -8.728976   1
    6.851731   -1.175284   -0.554713   1
  -10.532148    0.237161    3.274054   2
   -2.191156    2.035436   -9.018251   1
   -1.470450   -8.730505   -3.721918   2
   -3.983473    7.854274   -3.305601   1
   -7.181333   -6.743766    6.309060   2
    4.021913    2.244492    7.986747   2
   -0.783738  -12.502555   -4.379128   2
   -2.973142    5.698420   -5.990706   1
   -2.008292    8.256187   -8.298369   1
   -3.415577   -1.843113   12.469790   2
    3.078770   -2.404427    5.210473   2
    5.321700    6.554944    4.935635   2
   -1.812437   -1.550404    1.059172   2
   -1.360140    3.755391    9.359390   2
   -0.644724   13.039159    0.763263   1
    7.111652    3.537674    3.619045   2
   -3.980553   -4.448249    2.958863   2
    1.252585    3.430079    4.840090   2
   -0.197436    7.231970    0.177009   1
   -9.378758   -2.369471    1.971779   2
   -6.003235   -7.487260    2.707894   2
    3.810135   -5.281427   -5.589769   1
    3.772559    1.015244    3.660097   2
   -2.138340    6.072054    6.201525   2
    3.803284   -5.192701   -0.269937   2
   -2.783784   -4.113512   -4.659122   1
   -5.568032   -3.336021    6.353030   2
    0.162311   -5.769476   -5.833006   1
    2.729575   -1.877407    0.818734   2
    1.362912   -0.748957   -2.553979   2
   -2.808418   -0.508333    4.336623   2
    5.074188  -10.243957    2.000345   2
    5.773027   -9.341601   -5.964279   2
    7.536794   -5.404388    3.237468   2
   -5.538398    1.726098   -7.923300   1
    9.747072    1.302020    1.908555   2
    1.548042    8.156384   -3.737548   1
   -2.157418   10.078948   -1.134972   1
    1.551378    1.474269   -5.288665   1
   -4.337116    3.045294   -2.030208   1
   -0.777842   10.221798   -5.549859   1
   -4.792401    1.485396   11.894611   2
    5.635236    4.896930   -5.808879   1
    4.478148    3.321327    6.433347   2
    2.466325    0.045968   -0.680831   1
   -3.135639    3.009996    4.673959   2
    0.978693   -2.581076   -3.210205   1
    2.288365    3.116372    1.289895   1
   -3.457882   -5.619625   -0.517641   1
    1.631047   -4.289372    8.714983   2
   -0.204715   -0.484100    8.055887   2
    7.018177   -6.208739   10.167226   2
   -6.093141   -4.463439    9.671771   2
   -2.997801    2.403190   -1.502832   2
    3.424195   -1.796359  -10.125682   1
    6.112020    1.157988   -9.697026   1
   -0.842208   -3.194271    5.652406   2
    3.254082   10.953916   -6.166261   1
   -5.388410   11.449989   -4.603620   1
    3.335878   -7.518926    5.276656   2
    5.541300    4.672320    0.899173   1
    5.421807    2.036870   -1.596857   1
   -3.640490   -0.239148    8.017278   2
   -8.374807    2.909522   -6.109387   1
   -1.797363    2.592716   -4.520709   1
    3.786780    0.678144   -1.141356   2
    0.457538    2.465539  -12.444412   1
    3.085447   -1.771215   -6.472767   1
   -8.114715    3.459761    4.119364   2
    1.095441   -0.998619   13.674700   2
    1.557412   -5.090854    3.378497   2
   -4.296987   -3.232164   -1.549836   1
   -3.466981   -6.096781    7.661529   2
    6.305889   -2.404589   -4.886296   1
    0.832085    9.500226  -11.000639   1
    0.953322    0.345833   -8.621875   1
   -0.485086    0.300793   12.380177   2
   -7.949156   -0.960555   -7.961641   1
   -1.820124   -6.269173   -3.262738   2
    5.080283    1.419485   -5.124333   1
    1.939730    5.761876   -1.131831   1
   -5.024838    6.167728   -0.265905   1
   -7.400989    1.286421   -3.095694   1
   -1.259129    1.229614   -1.117983   2
    3.385419   -0.314886    8.080069   2
   -4.982039    4.733209    1.970112   1
