    0.443511   18.490349   13.112737   2
   13.996295    6.010899   16.926402   2
    5.785568   10.791278  -15.779436   5
    4.856162    2.124957  -23.055781   8
   -8.267588   -2.538925   13.052739   6
   -5.255368   -1.394240    8.918935   6
   -6.537162    8.875816  -17.029212   8
  -10.993788   -7.040932   -7.801479   4
   -9.046509   11.757185    6.168988   3
  -16.863041   -3.209597   12.818999   6
    7.144866   -5.417199   15.674666   6
  -11.432482  -17.957802    5.739405   7
   -2.143467   15.743638   -3.070092   9
  -13.779290    1.484790  -10.535795   4
    2.735476   -8.228486   -6.693766   1
  -10.224515    4.570058  -10.893823   9
   -8.674845    6.481023   22.555372   6
    7.745678    7.668795    0.531089   2
    7.841046   -6.328392   19.986053   6
  -19.818024  -10.813796   -4.320237   4
  -14.427499    0.546111   -6.216503   3
   10.849803    1.700434  -16.039142   8
    1.245886  -10.650296    2.003341   4
    0.286719   -5.509634    8.179225   4
  -10.181158   -0.997555   16.546941   6
    4.323562  -10.607476    7.528828   6
    9.148428    4.782252    2.976999   2
   -7.315398    1.045450   11.599409   6
    7.623343    6.417254   -9.553310   8
   -8.426814   17.377920  -14.097406   9
  -16.756661   -3.756511   -0.791749   4
   -3.205842  -16.644440   13.421071   6
    1.743103  -10.774265   -9.019558   1
  -13.552008  -13.155231    3.675484   7
    8.646302    7.502238   -2.878814   2
  -15.677432   17.215520    4.495827   9
   -5.807702   14.032799    8.752632   3
   -6.334743    5.541663    9.570886   3
   -1.799012  -14.707434   -2.725408   7
  -13.757334   12.459932   -7.997797   9
    6.943708  -11.115325   15.688875   6
   10.752314   13.221473    6.958151   2
    1.770516   14.834690   20.517290   3
    4.707659  -19.751526  -10.528143   1
    4.143106  -17.208167   -5.126204   7
    8.296872   12.776780   -3.956839   5
  -18.123090    9.313091   -6.267562   3
   -3.077034  -16.549284   -5.940854   7
    4.201700   23.221520    7.935208   9
   -4.126552   -9.125277   -9.464066   7
  -19.386988   -3.441378    6.875949   6
  -14.519377    3.099311  -19.405715   4
   13.134055    1.103357  -11.052849   8
    2.950078   -8.009730   18.890994   6
   -5.942983  -13.139820   -7.830497   7
  -11.897974   11.733852    2.094704   3
    3.825005   15.775610    3.520919   2
   -9.083605  -19.853503    2.705375   7
   -3.715817   12.750722   -5.952051   9
   10.929279    3.635454  -12.633019   1
   10.363924  -11.668697    3.306742   1
  -15.261256    5.890749   -6.207410   3
   17.267523    3.930718    6.765179   2
   -8.305737    5.595048   20.709845   3
   -6.098821  -14.871760   11.972056   6
   -9.387306   -4.729039  -21.315839   4
   15.775682    6.935901  -12.602000   8
    9.819296   -7.293948   -5.130557   1
    4.017933    0.479261   -7.680829   8
  -15.833677  -14.610924   -7.896134   7
   -6.650803   10.255426   11.820660   3
  -14.993366   -8.786409    3.176014   4
   17.528806   -6.196169   -4.044543   1
  -15.412074    9.749441   -7.856882   4
  -13.371018   20.401886    4.527189   3
   -4.074103   13.634784  -18.305349   5
    0.200839   16.084346   -7.534642   8
   -7.794726   -9.441445   -5.534450   7
   -1.108512    6.925134  -20.545943   8
   15.095084    1.205321   18.733978   2
   21.757163   -8.360513    0.939965   1
   21.936192   11.221980    3.351097   2
   12.169213    7.577681    3.289099   5
  -12.845987   11.594454  -16.171168   4
    6.435491  -13.419785    2.642410   7
    8.461600   -3.853035   -3.478981   1
  -19.404484   -3.736956  -14.107011   4
   17.168037    0.726097   -7.896129   8
  -19.323727    3.928196    1.163182   3
  -17.776582   -9.093941  -12.101372   4
    4.892826   12.554164    1.330607   5
   13.256002   -6.939973  -17.421153   1
    4.449379   15.131425  -16.965425   8
   -4.023696   20.774204  -13.350284   9
    9.943417   -8.797352   10.074910   1
   -6.500793   17.718307   17.189112   3
    1.253878   -6.706706  -13.380419   8
  -10.868811  -10.934277  -17.663287   4
   11.514439   -2.610135   -6.961574   1
    2.317428  -15.620810  -18.351646   7
   -0.572755   22.326179    0.932295   9
   21.394032   -1.569282    7.747947   1
   -6.569678   -7.002410   15.071199   6
   -3.325660   -8.720436  -20.205173   7
   -1.522420    3.973077   18.434762   2
  -15.752116   -1.764621   19.538849   6
  -21.741155   -3.549286   -0.571790   4
  -10.401134   12.027119   -5.751954   3
  -19.810322   -3.600746   10.408664   6
   24.112811    3.870926   -1.747587   2
   -3.827716  -23.048576   13.244067   6
    3.404235  -13.228386    0.230885   7
  -14.387663    3.065872   15.660941   3
   -8.062629   -6.347807    9.031042   3
  -14.015614   -1.333854  -14.987628   4
  -17.458127  -14.780527   -4.604944   4
    5.544390   -7.730306    1.774463   7
   10.391703   -0.109476  -10.227027   1
   -1.050340   10.412948   24.309561   3
    1.637454    9.578456    2.268585   9
   10.118462   -0.022236   -9.498366   8
  -11.748354    3.884081    3.773159   3
    3.775851   25.062582    1.269875   9
  -12.468682  -19.817691   -1.556363   7
    8.773397  -16.541794   -2.247676   7
  -16.425258    7.443595    6.598210   3
    1.684397  -16.485828   -1.855225   7
  -20.397600  -11.144545    6.583996   6
  -18.425985  -15.706964   10.500121   7
   12.682674    8.389362    5.417285   2
  -13.023466  -16.541493    1.777108   7
   15.226211   19.776021    1.016520   2
    5.629621    4.796372    4.542779   2
    1.112304   11.995076   -8.776155   8
   15.008602   -0.523059   -7.301358   1
   12.262215    4.817308    4.637122   2
   12.175839  -13.739591   -2.295770   1
  -10.510241    0.125274   -9.466856   4
   12.526046   -7.406948   -8.754326   1
  -14.634675    9.631178   -4.060316   3
  -16.090925  -12.513544  -10.836438   7
   15.110028   -5.946540    0.223401   2
   13.641804   10.077857   16.722160   2
   -0.151855  -18.395238   -4.860038   7
   10.461234    3.658400   -8.642628   8
    9.785732   -3.891957   13.671283   6
    4.665872    7.176082   -6.839704   8
   14.023711    5.351504    0.564777   8
   -8.706541    0.457401    8.350133   6
    6.770209   15.578565    1.295490   2
    0.125887  -11.753466   -3.087571   7
   -6.923911    6.575309   14.720611   6
   12.575185  -10.082012    0.268101   7
    3.910674   -2.658483   -7.908230   1
   10.189494  -15.962132    8.105158   1
   15.218375   20.488006   -5.180261   5
    8.374738   -0.742422   22.991207   6
  -20.222756   -3.370584    3.360026   4
   15.405736   -4.481309    3.520176   1
  -11.605185   19.047151   -6.405168   9
  -12.648027   -5.303273    9.449244   4
   14.792378   12.837114   -2.685600   2
   15.572137   16.302315    5.751829   2
   14.417131   13.522426   -8.147109   5
   -6.634926    0.440421   -4.560654   4
  -13.182898   -0.668939    8.356329   6
   -3.930806   24.418899   -0.516868   9
   -6.951249   -0.010595   15.308449   6
  -10.448772    5.043774    7.609380   3
    0.649209  -16.264027   14.216371   7
    8.146221   12.444791   -0.295516   5
   -1.781520  -11.535398    4.779917   7
  -18.927752   -5.787317   -6.230495   4
  -11.123671    0.450980   12.851128   6
   -4.175393  -12.386767   18.229371   6
   10.140321    0.693303   12.747032   2
   16.867494   -0.822499    1.359766   1
   -7.961134  -11.154970   14.314235   6
   12.274538   -9.253927   -1.424312   1
  -16.177407   -6.558360   10.770600   7
    4.360524   16.517916    1.577803   5
   -2.212592    0.186965   -5.660433   8
    9.629113    0.048289    8.300681   2
   -1.635186   19.149856    1.837255   9
  -17.130104  -12.378298    1.060007   6
   -5.103290  -17.404208    8.645200   7
   -3.173348    0.782682   -2.248557   4
   20.742438    5.178870   -0.141211   1
  -15.341768   -5.728066   -4.989456   4
  -13.998590    4.618708    6.830718   3
    7.192347    2.146617   -8.136747   8
   11.531790   11.409520  -10.573115   5
   -6.735716   18.233172  -10.082664   9
  -19.785232   -8.178807   -1.679942   6
   16.113305    7.569442   -1.320579   8
   13.555918   14.452884   -4.745664   5
   -1.247196   22.249066   -7.706550   9
   18.191120   12.163093  -13.102971   5
  -18.509637    1.660505   -6.037186   4
    2.119211  -13.325457    4.966519   7
  -13.357528    7.965297    4.726162   3
    0.893396   -8.748394  -19.473266   8
   -9.631454  -16.120284   11.021112   7
    9.216986   -4.301489   -7.468544   5
   20.696417    2.317737   -4.189370   1
   22.152752    3.623841   10.929383   2
   15.176286   -3.164346   11.214537   2
   -1.547807   19.229636   -1.757743   9
  -13.653971  -16.378685  -11.847411   7
   11.094845   -1.338873  -13.171792   8
  -11.076418   -5.261671   -5.004371   3
   13.443843    3.438424   10.838534   2
   -1.572095   -3.271031   12.783079   6
    0.215842    1.696046   12.429595   6
  -16.862142   -1.674057    9.510814   6
  -12.651388    7.073298  -15.519111   4
  -12.409981  -13.534537  -13.813863   4
    7.335539   -2.429238  -13.154363   5
  -11.204901    0.949170  -10.474509   3
    9.015522  -12.436947   12.951627   7
   -0.765508    3.702966   -4.698948   4
   20.597937   10.409025   -5.279349   2
    8.700433  -12.513108   19.921417   7
   -4.833912    2.049684   25.645230   6
   -8.484070   -6.058290   11.821307   7
   -5.552561   11.456862   -3.894482   4
   10.981682    6.571124   10.047606   2
  -13.144164   -8.156668    6.733860   4
    6.469200    4.957773   12.983662   6
    8.683322    2.577003  -11.701465   5
   19.428395   -8.237100    6.266129   1
  -14.771924  -11.049318   -7.720771   7
  -15.830148   -2.239269    6.147021   4
    7.866925   11.388299   14.703358   2
    3.348029   11.222841  -13.227509   5
   -2.756294   16.223061   -6.604508   9
    6.363674    7.261537  -20.073802   8
  -10.651297    9.144689   -6.607942   4
    8.328287    6.915093  -23.936803   8
   11.980343   17.016337    7.316644   2
  -13.262984   -2.616790   -7.837775   4
    9.285177   -2.445014  -20.451690   8
   -6.875134    6.069656   18.521346   6
   -9.409219    9.684432  -14.147828   4
   11.709865    4.610129  -12.160802   8
   14.672730    7.366178    8.498565   2
   -8.099198   -2.302166   -3.676625   3
    4.579646   -2.648340    5.431552   2
   11.690648    7.738043  -10.223142   8
   15.728175   -3.062786   -3.356974   1
   14.682762   -4.208806  -14.002761   1
   17.091873    9.047320   -4.405454   8
    2.324279   -2.707133    3.400667   6
    2.200501   -0.318545  -10.871270   8
   -3.252814   -6.550265   13.847221   7
   11.431416   12.138584   -6.711216   8
    4.233028   -3.141258   21.252426   6
   -4.167327    3.854710   14.897666   6
   -6.772069    1.799555  -12.165347   9
   16.351960   -6.913404  -14.442019   8
    5.873415  -15.981494   -0.206991   7
  -20.683646    2.878768    0.089814   4
   11.750096   -5.172377   -1.608769   2
   10.771403    9.856830    0.586170   5
    5.342837    6.704253  -16.048402   5
  -16.678437    6.450711   -5.784220   4
   12.762880   -1.489718   -6.985763   5
   -2.032973   21.219854   12.782588   3
    1.678706   19.109834    3.692985   9
   -7.659685   13.004209    8.178244   4
   -2.813869  -17.349559  -12.943302   7
   13.086672   -0.794763   16.817515   6
    6.956092  -11.387009    0.845577   1
   -4.097835   -3.194827   22.406022   6
  -16.623734    3.559731   -8.754223   9
    7.924244   -4.233610    4.607737   1
  -16.873567    5.333675    7.414933   4
   11.834207   12.069994  -14.339013   8
    2.650406    1.382291   15.720321   6
  -12.880590    1.468040   -7.061019   4
  -11.829664   13.617562  -13.758884   9
   -1.381384   25.307654    7.132012   9
   -8.367844    7.834524    1.621506   4
    5.435199   14.401310   16.584148   2
    7.911552    6.498875    8.654596   8
    3.084763  -11.024453   16.504464   6
    2.732461   -9.665486   -1.610320   6
  -10.983139   16.930579    9.869401   3
   -5.913446  -11.118410   -0.650531   7
    5.199796    6.587388   -3.216657   5
    9.183138  -11.019178   -4.229003   1
   15.525902    5.730999   -9.223314   8
  -10.838688   10.300200   11.931915   3
   -9.796369    5.241145   11.565434   3
   -9.295632    5.973968  -21.618479   5
    3.388561   16.957798   -2.617410   9
   19.038812    4.353241   -8.364299   1
   -9.553738   -4.703886    1.377972   3
   10.560342   -2.980333   10.002460   2
  -11.139430  -18.251718   -4.523560   7
  -19.490682   -0.075125    4.552384   6
   -4.594778    5.780774   20.202269   3
   22.355953   -4.210628  -10.840114   1
   18.854184   -3.996282    0.357419   1
    5.404832    0.871342  -12.452434   8
   -0.017759    7.936104   19.597623   3
   14.869908    3.152686  -14.652925   8
   -1.621610    0.564179  -19.157957   8
  -13.094841    4.338546  -13.352172   4
    1.318854   13.528681   -3.748060   5
   -3.630100    4.304820   -2.452767   7
    5.143529  -14.610956   18.373595   6
  -17.111807    0.519765   -0.041439   3
   -1.175023   -9.273034   16.164160   7
    6.128812   -0.918757    2.527388   2
    5.884871   -6.149181   -7.814840   1
   12.443831  -10.190122   -5.197576   1
    1.100674   -6.909043  -22.838726   8
   -0.207570   -9.120121    5.207203   1
    3.911063   14.463615   -8.832938   5
   14.385490    0.054641    4.349127   2
    8.231759    5.458197   -6.199575   5
   -7.410747   -2.842324   -2.864944   7
    8.971737   -3.177402    5.540719   8
   13.474284  -11.537265    9.872463   1
   -3.528495   10.165951   15.564779   3
    0.813334   -1.119805   -7.408376   7
   -1.042928   17.419080  -14.785109   5
   12.181871    9.641725    0.533525   2
    1.808440   16.289902    6.327879   9
   -7.372399   19.409672   13.577682   3
  -11.744455   12.743297   -2.394199   9
   -9.466629   17.046396   -3.017205   9
   11.969309   -2.960192   13.945051   2
    2.766804   -7.652336   15.320835   6
   -2.025345  -14.854664  -16.023579   4
    5.950374  -21.791436   -9.826458   7
    6.815884  -10.905103    0.033422   8
    6.105967   -1.710096   -9.880930   5
    0.882660  -14.656052   -5.350222   4
    7.926136   17.217310   14.413347   2
   -0.254379   19.263784    7.050751   9
    3.920145   -2.531914  -13.785349   5
    0.598752    2.961324   -3.516751   5
   -8.105402   19.732692    8.821115   9
  -13.148849   -5.695249   14.550452   6
   10.444704    3.538510    3.305625   8
   16.061930    3.641246    2.655471   2
   17.289055    3.670472   -3.162805   8
  -24.311463   -1.958197    6.400894   3
  -10.289921   10.633658    5.636265   4
   -3.615276   15.275211  -12.638010   8
  -12.525504    6.682483    1.594001   3
    9.111154   -7.622404   -0.536820   2
  -12.288460   -2.768455   12.113391   6
   -8.149166  -15.823518  -12.425930   4
    3.180763   12.787417  -19.399355   8
   -6.887197  -13.862518  -15.937510   7
    3.958752    3.453763   10.835076   8
  -11.708256   -9.354169    4.596639   7
    5.495035  -13.102153  -16.301713   7
    1.829041   10.916363   21.434291   3
  -14.846746   11.861240   -1.737437   4
    2.500191   -3.641123  -19.932568   8
    0.266986   -6.876045   12.264455   7
  -22.799182    6.637817   10.035996   3
    7.061689   14.579388   10.014507   3
   -8.184297    8.996495   -5.124129   9
  -10.771722    1.151249   -2.938016   9
   12.397186    6.702679  -11.404766   1
   -4.670882   14.847555   20.080367   3
    6.951929   -6.259150   12.273251   2
    7.250063  -20.823451    3.907233   7
   -0.509311   -5.421028   -7.570251   1
    6.520987   -9.005954    5.275662   6
    1.219313   -1.102266   -6.254437   1
  -16.234479   -8.877293   -3.190264   4
  -17.858998    7.719301    2.171035   3
  -15.151931    1.680796   -3.548177   4
    5.894609    3.190661  -15.080500   8
    0.279409  -14.592703    1.169954   7
    6.060633   -3.979032    3.550872   8
    9.621475   10.246802   18.201053   2
  -14.976568  -14.726073   -1.411841   7
    2.600731  -14.712554   -8.665309   8
   15.853105    4.112796  -11.299037   1
   -9.444637    7.483712   -0.087756   3
   -3.046919    7.936813   13.790219   6
   -6.299047    0.290879   -7.747065   3
   -3.989282   -3.939866  -12.128067   1
   -6.413896   15.208271   -7.103815   3
   -1.319877   -0.660762   10.270706   4
    9.250179    5.952176    6.399756   2
   -2.658395    3.479891   11.011451   4
    1.916744   -7.814644   10.530042   2
    9.538789  -20.708839    9.690127   7
   -2.057841   -7.456728  -15.496759   1
  -10.519463   24.808365    6.598339   9
    9.090164   -6.613728  -13.128838   1
   13.994750   -9.712552   -9.782506   8
    0.040424   -5.337562   16.089751   6
    4.605245    8.258315    3.282683   8
   -3.660028   10.578655  -14.343292   8
    4.208735  -15.041352   14.756819   7
    7.311534   -1.157844   15.923004   6
    8.884054   18.656861    2.216980   2
   -6.560927    8.570995   17.810759   3
  -14.318677   15.440097   15.239164   3
   13.716280   -5.755369   -4.219627   8
   -3.804840    0.919262    5.340749   4
  -15.212460   11.365828    9.500380   3
   -9.185309   -2.395717  -12.856408   4
    3.865622  -14.038593  -24.209467   8
   11.395025    4.051215   -3.127619   5
  -20.142362   12.073976   10.388970   3
   -0.551451   -7.423075  -11.147050   1
   -4.013727    9.824649   14.231056   3
    1.135241   14.333983   -2.018142   9
    7.950099  -16.025056   -6.316029   7
   11.539890    2.037158  -17.290048   1
   -1.866866  -21.783602   -0.759361   7
   -4.317593   -9.561095   -3.726997   6
    9.634895  -16.559636    9.702416   7
  -17.071674   -5.090524    3.838853   6
    1.363479    6.188187   11.844637   6
  -11.593291  -14.924860   -2.729191   7
   -4.752851    2.555072   -6.789068   9
   -2.340386   11.854278   20.511910   3
  -13.667877   -5.326973   -1.766940   7
   -3.994864  -20.011827    6.326918   7
  -10.733740  -11.848709    5.748094   7
  -17.827477   -0.643947   -3.050688   6
    2.277447   -8.692138  -14.323782   1
   11.128842    3.372105    8.016040   2
    6.599977    5.021076   16.858290   6
   12.133428   -3.728578  -11.083001   1
   10.770499    4.737487    6.935657   8
    0.744728    8.190367  -15.835833   8
   -2.741749  -12.671988    0.519197   4
   -2.993863   14.254258    6.594053   3
    5.514979   15.285936   -2.385134   5
  -10.699619   -7.251724    4.611230   6
   16.336799   14.494719   16.145856   2
   -6.925591   -2.212821  -22.049392   4
   16.655422   -1.385280    2.858940   2
    6.913617  -16.648076    5.544518   7
   10.854281    6.840409   18.306380   3
    9.439783  -16.682003   -9.785798   7
   -0.802834  -14.710490  -20.745553   4
   -5.647287    3.778238   -0.216165   3
    7.591925    3.223592   10.118984   8
   14.867455    0.739976   -3.342509   2
  -18.532445   -9.425320   -7.789299   4
    5.672954   -6.342174   -2.594723   1
   -0.157385    8.597410   12.544908   2
   -9.084852   17.060402    6.423277   3
   12.063556    2.003008   -7.851838   1
    3.734368   -0.405731  -17.803922   1
   -1.217741   12.762393    0.485783   9
   -8.115112    2.576901  -20.607064   4
    8.739937    3.896029   10.687225   2
   -1.397335    4.742994  -14.624150   5
   -3.479150   12.979330    0.076601   4
  -17.910158    1.646075   -3.558814   3
    2.964817    6.289217    7.791764   4
   -5.768286    8.441864    7.221870   3
    2.645496  -19.200134   -9.727035   7
    2.361573    5.682972    4.823326   3
   -6.110565  -15.156327    0.092784   4
    4.033284   -2.270733   17.674892   6
  -13.051811   15.671926   -4.287537   9
  -17.346849   13.070250   -3.050368   3
   -9.604357  -15.301390    3.901190   7
    8.163604    0.586725   12.732137   6
    4.767391  -16.451000  -15.833211   1
    2.035973    0.238816    9.487923   7
   10.104992   -2.484794    9.555911   6
   -4.342139   -6.306135   -1.423993   4
   -7.306906   18.844341   -0.723408   3
   -6.377117   13.909273   -3.703779   9
    7.029311    0.671476   -3.503024   5
    7.980454  -15.259680   -8.603789   1
    4.092392   -8.826877  -12.451698   8
   11.023446   -5.492842   -1.799177   8
   -9.857213   21.266358   -0.807161   9
   11.893055   -3.472306    2.413781   1
    9.205571   -0.366590   -4.350568   1
   -6.009380  -14.510394    5.064797   7
   -5.966904  -18.247299    2.008692   7
   -1.947143    8.270471   22.472250   6
  -15.383459   10.757348    1.560024   9
   -7.959528   -2.841177   -8.414397   3
  -12.954982   11.622677    5.872730   3
   11.797181   -9.156240  -14.819338   1
  -14.150025   -2.521612   -4.308678   9
    1.764201    3.855263    5.357121   6
  -17.934330   10.636053    7.224271   3
  -10.582873    1.680742  -12.959435   4
   -3.075850    6.890000   10.668262   2
   -5.073038  -16.832395  -17.085773   4
  -12.687057    3.249322    6.172348   4
    3.588746   -3.970587   14.386882   7
   -2.720376    0.727077  -10.114382   1
    9.691446    0.415209    1.906215   2
   -2.462970   11.788034   16.802271   2
   10.234062   10.575075    3.851205   2
   -5.503026   13.856827   16.312837   3
    8.963283   15.263191    4.283706   2
   -4.853497   -4.284543   11.276132   6
   -0.818665  -12.881299   15.259178   6
   10.049540    1.344274   -5.746444   8
  -11.317256    9.686118    1.872898   4
    2.550880    6.233590   15.352453   3
   11.642898    5.104041   -5.246067   1
    9.139017   -0.504039    4.269367   2
  -10.426993    5.775909   -8.427489   4
   -5.006468    9.924058    0.959676   9
   -4.997588   15.960944   -0.922260   9
    4.206289  -20.405238    0.619323   7
   14.028801  -12.117645    0.698937   1
   -2.948294   21.712379    3.998877   9
  -19.474495    8.082822   14.086487   3
    6.621150    6.639529   11.712833   3
    9.059637    3.243596   -0.298912   1
   -4.166630    7.856765   -4.297610   4
  -13.570215    3.721845   13.347618   6
   -9.870044   -0.368284   -6.118931   9
   -3.697793   -5.700185  -13.528933   4
   -5.116935   -1.842400  -14.894548   7
    9.110017   20.127541   12.660824   2
   -6.951887   16.887492   10.758096   2
   -2.497729  -16.467038    2.585061   7
  -12.956234   -5.946409    2.231882   7
   15.741071   12.073957    3.428489   2
  -14.138931   -1.166334   -0.930277   6
   17.087198  -10.339590  -12.245816   1
    3.956346   11.642694   -2.064071   8
   -9.723457   -5.139591   16.341920   6
   -3.686204   12.950372   12.234841   2
  -17.538673    3.557997    9.145839   3
    6.279579   -4.103824  -16.817873   8
   -9.385474   -3.840401   -6.706873   4
   -3.946336    7.630047   -0.482978   4
  -10.939339   17.981482   13.991418   3
   13.158882    8.526056   -5.327838   2
   -7.398612   13.090336  -17.102552   8
   13.064245    2.930887    0.450654   2
    8.685652    9.744859   -6.914109   5
  -10.841165   -0.395266    0.367275   4
    0.337164   11.416868  -17.006881   8
   -7.217906  -16.392013   -3.285488   7
    6.009052    0.067082   20.445638   6
   -8.282302   -4.240404    6.047260   7
   -9.070532   12.633139   -4.371457   4
   13.692184  -12.967819    6.010631   1
    6.664096    0.634372  -13.484982   1
    2.753146   -7.845125   18.649710   6
   -9.937111  -10.401568  -13.975367   4
   18.364208    9.033404   13.000451   2
   -2.069851   -0.643740    0.939860   6
  -16.127509    1.000075  -13.168301   4
   16.011567    9.135960  -10.156946   2
    1.576477  -12.181545  -17.422178   8
    3.716032  -17.651250    3.526220   7
  -20.986392   10.395587   -1.603015   3
   15.704395   -8.486484   -1.232557   8
   -4.343031  -10.524120   15.174605   7
    0.484151   -1.193825   -2.120122   1
    0.919027   -8.992777    6.103122   6
  -13.833347   14.559611   -0.097020   3
   17.520916  -15.281972   -7.605278   1
   -0.243232   -2.473393   13.772002   2
   -5.549290   -2.037644    3.533238   7
   -5.917912    3.013541   -5.429530   3
  -16.690234   -9.396419   15.559113   6
   -9.235199    3.202443   15.213092   6
    7.435023    7.674030  -10.971842   8
    5.531090   -2.597554   -2.509669   5
    8.212396    6.320655  -13.365688   8
  -14.953056   -1.958924  -18.390329   4
   -0.701959    9.871327    9.223806   2
  -10.247065   -2.765881   19.915721   6
  -11.100951   -8.228285   -4.120849   4
    9.675362   -9.501274   -8.138075   1
   -1.930201  -18.172208   -1.615846   7
    6.123179   -8.907674   -5.609160   1
   -0.852228   12.159534  -12.445050   8
   14.719638   14.013745    2.152492   5
   -3.570423    8.792073    4.052838   2
   -8.835611  -10.256238   10.953642   6
    4.751194    9.184734   14.718469   2
    7.627563   -7.412416   -5.470904   8
   -4.943806    5.459126    4.969695   9
   13.560590  -16.797816    6.052032   1
   13.043697   -2.583317    5.052459   6
    1.720049    5.009539   -6.750865   5
    1.221435   21.588289    9.592076   3
    2.348952  -14.420085  -14.258311   7
  -11.621609  -15.354644   -7.182886   4
    2.828103   -5.126189   -4.863955   2
   -1.589429  -18.524917   -9.229741   7
   -7.588357   -5.332519   21.029776   6
    0.903462   13.413445    9.462875   2
   -1.144520   -5.596969   -0.069596   7
   -5.756458    2.858525    7.402625   3
   10.398662   14.980012    0.976464   2
   -6.200543   12.708308  -12.826519   4
    0.890117    0.489513   -1.415875   4
   -4.090984    0.745750    5.866951   6
    2.152711   -0.907542   -7.669477   8
  -16.899257  -10.399831    6.896995   6
   16.995539    2.363872   -0.813362   2
   13.520982    6.938626   -5.600594   5
    5.760044    1.911230   -0.329392   8
   -8.908964   -3.208231    9.585323   4
   14.525576    6.692847    1.303411   2
   12.420321  -18.049779   -6.834710   7
    1.057821   10.521950   16.177769   3
    7.164725   10.841157  -11.709619   5
   -3.722597  -21.636979   -7.145386   7
    6.624036   11.242382    2.432896   3
    3.587298  -17.723841   10.263373   7
    5.721732   -3.789679    8.962031   6
    2.083570   -4.672769  -16.525970   8
    3.968101   18.000517   18.334130   2
   17.352696    2.438105   -5.484964   2
   -8.434270   -2.886248   -9.224027   7
   19.851435    9.255839    1.086775   2
    1.934236   14.425842    3.166081   8
    0.394946   13.235766   10.053119   9
    2.871622    9.500107    7.628279   2
    5.855506   -0.532453  -16.019017   8
   -8.971924  -15.383705   -7.521630   7
    3.396288   -6.249247    5.687513   8
  -11.694608    9.948723   18.952866   3
  -18.302161    4.392352    5.273197   3
    4.013433    0.703758  -19.202007   8
   12.513318  -16.322687   -7.249489   1
  -16.847570   -0.316968   -9.676370   4
    1.232717   -3.323471   17.766747   6
    4.920665   -6.869222   -1.578007   8
  -11.803627  -18.472291   -1.913704   7
   -9.865828   14.372699    3.838839   3
   -3.127200    0.277985   16.826338   3
    3.486733   -4.525708    9.213590   2
   -7.317245    5.807183   -7.006095   3
   11.402671  -10.212973   -7.175222   1
    5.644062    8.547224    6.754429   5
    6.226210   -5.971174  -13.598849   8
   -4.491619    1.357300   -5.724109   4
   -1.499708   -3.387085   -7.561048   1
    7.462329    8.855599    7.689725   3
   -8.840449    6.113328  -13.511115   4
    7.634910   13.242092   -8.474217   5
    2.962979   22.352144    4.626964   2
   -0.183842   11.109336   12.216489   4
    4.512398   10.372595   -9.580639   5
    2.538387   11.476837   12.450445   3
   -8.970233    4.083016   -3.965180   3
  -13.840983    5.977052   17.694966   6
   -6.010176  -12.718162  -12.168779   7
    0.164909    7.082474   -6.090937   5
    5.326102   -5.520079  -10.142384   7
    4.892583    2.905092  -10.010655   1
  -15.151891    2.064789    9.709425   6
    2.511983    3.500604    7.401766   2
    7.916142    6.898777    4.038420   8
    0.398565   -1.393684   16.021589   6
   -3.933234    0.213976   12.627441   7
   -6.324754   23.610385   -3.426024   9
    9.923479    3.764317   15.307104   2
   14.030912   -5.252579   -8.735793   8
    5.821906  -10.700478    5.874841   1
   -2.323403    4.732521   13.390735   2
  -11.020439   -2.892177   -2.198254   6
   10.457469  -17.169036    0.362539   1
   19.075053  -11.988088    1.975841   1
   -5.894994    9.611726   -8.926571   3
   -1.176911    1.612728   -5.342090   3
   -4.451272   -5.700721   -6.753862   7
   -5.524120    2.184534    8.350733   6
    4.953830    7.124017   19.838614   6
  -13.117814   -9.239845   -0.679656   6
   -0.157309    4.417827  -18.140036   8
   -0.526756   18.884604   -6.003724   9
   -8.678646    8.241522    9.957753   9
    3.167284    8.051602   11.142284   2
   -9.025998  -13.576165   -4.781091   4
   -8.112324    4.436322    3.994877   3
   -2.985507   15.777352   10.238874   9
   14.205427    0.645860  -10.482738   1
    3.943124   -6.131848   -5.173298   7
   -2.308856    3.218372   18.418023   6
  -11.406435   14.453498   17.551486   3
    5.493220   -9.747596   -9.798639   1
   11.362202   21.080004    0.602891   2
    0.690237   -1.446718   19.575450   6
    0.842028  -19.023060    1.203975   7
   -2.903705   -1.022539  -22.908652   8
    5.054275  -11.950526   -4.696539   1
   14.987864    0.755307    1.447487   8
   -2.113154   -2.715047    0.394326   1
   -5.302890   -2.229104  -11.351430   8
   -2.802367    0.495160    5.995193   3
    9.654167  -10.286688  -18.053177   1
   10.411713   -9.433736    9.879908   7
   -4.726985    3.052546    3.979268   3
   -2.789379  -14.071417  -10.574162   4
   -5.460009  -21.351529   -1.350978   7
    0.031812    5.668632    2.210480   3
  -17.423445   -2.278690   -6.778026   4
  -16.819109   -1.015598    1.752440   6
   12.112488   14.932714    5.271198   5
   -2.374645   -3.293772    4.025080   2
   -0.227253    6.202879   -6.504690   3
    3.297313    6.305065  -10.445629   1
    7.735991   10.460655    4.509889   5
    6.914647  -18.741879    0.043746   1
   -5.090726   -7.001653   -0.849030   4
   -8.714246   12.031661   14.306085   3
    1.705734   -3.328759   10.857097   6
   10.092669   -2.289341   -3.938231   8
    9.899388    9.231920  -14.892609   8
    2.295243  -14.234478   11.029225   7
   -7.969118  -11.632010  -20.362113   4
    6.846892   -4.048430    8.008334   1
   -2.655475   14.216919   -9.385412   8
   -7.883103    2.752324    4.855353   2
    1.782834   -0.049386   22.942294   6
    0.065417   15.990414    1.281626   3
   10.714417    6.469823   -7.990374   8
    3.603542    0.915954   16.370191   2
    2.972750   -7.980062    6.464381   1
   -2.807233    0.140126   16.156075   6
    6.035117  -20.085602   -2.781694   7
   -0.569554   -5.780402    7.818268   1
    8.033549   -7.608324    3.464526   1
    0.625308   -4.297754   -5.712466   4
  -13.304877   -9.093341  -14.247612   4
   13.783021   -1.902922   -0.280096   2
    2.715808    0.049111   -3.891092   6
    3.503621   -0.713576   12.743360   6
    0.102127   13.334469  -21.417043   8
    2.523445    2.541546  -16.336424   5
  -16.499888   -4.129234  -10.380192   4
   12.200011   -1.195382   -3.732667   2
   -9.156797  -10.710231   -2.445089   4
    5.840269   16.583646   -5.163185   2
   -8.949514   13.091318   10.463924   3
    2.384916   10.116481    7.628515   8
    2.353777   -1.535306    2.025263   1
    0.847145   -1.965121  -22.614019   8
   -4.120059   -5.292275  -21.563087   4
    9.342611  -11.536314    6.761766   1
  -11.369583    1.452440    6.298364   3
   13.598737    0.641757    1.026259   1
   -7.459817   12.562767   19.157955   3
  -12.174539   -6.818537   -0.909783   4
   -5.015376    7.216933  -20.779180   8
   10.631884   -0.570689  -12.172016   1
   14.251500   -6.778330    9.701411   1
   -0.937933   14.968817   13.035275   3
  -12.862523    2.298281   -0.756827   6
  -11.327703  -11.124972   -6.722934   7
   10.557727   21.525837    8.426765   2
    6.838144   20.317645    9.532661   2
    2.040239  -16.550219    6.658082   7
   -0.867083    7.625622   -1.793619   4
    5.036068    2.414275    1.709232   3
   -6.435087   12.940983    2.139485   3
   11.233409   -4.271470  -14.738053   1
   16.899152   -7.671792   -7.505317   1
  -11.646988    8.336425   15.618471   3
   -0.597124   -3.656146   13.790177   6
    8.940058   16.999295    1.962135   5
   -1.147735   -8.150401  -16.180162   8
  -13.569115    4.869924   21.099726   6
   11.096914   -8.335508    5.078097   7
    3.415770    2.873227    3.575264   6
   -1.772341   10.041721   -2.406613   8
   -7.970880    5.523899   -9.948636   8
    2.722549    1.231410   11.960247   2
    1.260433   -5.964637   -1.294606   2
    9.952991    1.426889   -9.074359   8
   13.915242   -4.228121    1.897375   1
   14.707048    0.311894    8.898094   2
  -11.098596   14.116035    7.596295   9
    7.388954  -10.238287    5.900471   7
   11.554822    6.522230   -1.188575   2
    6.327844  -16.000042  -12.320833   1
   17.611218   15.115988    2.702039   2
  -12.524205   -1.028231   16.840951   6
   10.046045   -2.030510   -0.853697   1
  -15.895722    2.329392   15.750656   6
   -4.773352   -4.471302   -1.571552   3
    2.559107   -9.158330   12.077732   6
    9.375824  -13.605319    4.082919   7
    5.370751    2.447849    7.289941   7
   -3.818345   -3.377738   -3.168328   7
   -8.936986    5.885431    3.860169   9
   12.718279   -4.868294  -15.537989   8
    7.037710    1.885886    6.139280   2
    2.070771   -6.792498    6.158236   7
  -11.794899   -2.158051   -1.621975   3
   -9.083419    9.988465  -21.312769   4
  -18.648746   -0.636362    3.391587   3
   -7.929932   12.465836    2.762750   4
   -5.554497   -6.394264   -5.202498   9
    8.329947    3.798965  -11.570417   8
   -2.648370  -11.033505  -12.154966   4
   -8.261745   -8.698380  -16.569015   4
   10.119587   12.937487   11.453061   2
   -4.601185  -11.075844   12.525134   6
   -7.370713  -16.047475   15.560528   6
    1.605384   19.028561    0.048651   2
   13.867628  -15.606077  -11.830750   1
   11.964714   16.901180   -7.350949   5
    8.309689  -14.796930   -4.344600   1
   -3.021607  -17.705821    4.863467   7
    6.524295  -11.433183   11.663888   1
    6.067393   -1.976908    7.578846   2
   14.531680   10.014631   -8.987149   5
   -8.765220   10.199125    2.140857   3
    0.886421  -11.131201  -12.784426   7
    7.361923   -0.566307    8.465670   8
    4.202052   17.442661   14.560351   2
    9.896711    8.895917   13.078650   2
    2.852553   15.195032   11.996309   9
    8.157494   -4.334706    1.049229   2
    4.997804    3.578869   10.264130   3
    4.424993   14.232948    6.194134   2
   -1.296823   10.048406   -6.906330   3
   -6.761595   -3.603118   -0.764455   4
   -5.922702   -0.916863    3.792098   3
   -8.347666    8.644105    0.676357   4
  -12.669013    8.943751    8.347249   9
   -1.482440  -15.319127    5.839869   7
    1.655897   20.280550   -3.260938   9
    3.628867   -3.277030   -1.268244   2
    3.895995   18.156838    9.922404   3
    4.610128   -3.160210  -10.394660   8
   -5.241040    0.210779  -18.812169   8
    2.337000    9.311346   -6.567368   2
   -2.428770   -8.784534    9.425565   6
   -7.525869   16.522474   -9.347243   9
  -10.106580    4.620207  -16.709367   4
   14.901651  -19.138822    1.854111   1
    3.092646    5.080831   -5.463462   2
   15.750048    2.493938    4.695180   6
   -6.791411   -6.420544   -8.642558   7
    0.715072    6.410071    8.790334   9
    4.778014    0.597592  -18.075782   8
    4.946963   -5.614198    1.967012   1
    7.590224  -12.366441    6.073805   7
  -14.405791    0.793528    3.740682   6
   -1.605408    4.063908   -9.321491   1
    1.604049  -20.362521   -2.055198   7
   -2.873417   10.655642   18.373967   6
   -0.541146   -9.030838   -1.988480   4
   -0.137496  -14.860644  -11.530159   7
    4.539276   -8.611791   -8.625633   7
    3.401593    5.324188  -19.671174   8
    5.542775    2.784547   13.992828   6
   -4.578191    1.974342    1.996586   4
  -10.267455    6.680935   16.539202   6
    7.010033   -1.502394   -6.417537   5
   -5.912119   13.068723   -8.370062   4
    3.481017    0.784558    4.519913   2
   -6.346952   -8.729342  -12.320257   7
    0.429419   10.701859   -1.942988   2
  -12.701969  -10.412395   -4.803718   4
    0.101505   10.036726    0.046103   8
  -11.556507    1.143035   22.804933   6
   12.314709   -8.462429    2.329804   1
  -11.872580   -5.815660  -14.798149   4
   -1.534904   -1.787598   10.009951   2
  -10.505978  -12.173679    1.625959   6
    8.051348   -1.643832   -7.186910   2
   11.444601   19.932773    0.145677   5
   -6.116744   17.742584   -4.145958   9
    2.056059    8.589830   -3.045783   5
   -9.437433    0.133724    2.809170   3
  -16.775335    1.298507    3.541123   3
    2.369364  -18.904289  -15.593045   7
   -7.568195    2.057674   13.470948   3
   -4.146691  -16.872615    1.369829   7
   20.648482    8.442996    4.466172   2
   -4.528332   16.729260   13.399953   3
    2.126983   -9.733784   -5.430594   4
   -9.837865   10.882546   -2.371854   9
   -7.114791   -1.233160   -3.632173   4
   -0.388099   -1.966291   -3.211235   7
   -0.168984  -19.129381    5.449106   7
   13.594811   15.425179   -0.586322   2
    4.315029   13.375822   10.667095   2
    0.312066   12.823981    6.506470   9
    6.658019    1.387946    8.778022   6
    3.775952   -1.083551   -6.486190   5
   18.230305    7.407891    8.217404   2
   -9.440020  -17.059892   -0.340827   4
   -3.448368   -3.559071   15.830841   6
    6.952937    8.971400    0.418579   5
   17.441280  -16.094933    0.443484   1
    1.902978   -5.458112   -2.217917   1
   -6.656667   10.187817   -0.485716   4
   -3.174563   10.627897  -11.596238   9
  -12.586558   -1.905451  -11.758684   4
    4.917230    6.255331    7.934685   3
    2.405528    6.719531    5.290923   9
   -8.029131   -9.907681    7.121232   6
    0.887111   -1.303577  -17.536488   8
   -4.721501   -6.431765  -17.096386   4
   -2.084957   -2.325120   -5.009562   1
   -5.623526  -13.254304   -3.724579   4
   15.627824    9.801392    5.264012   2
    1.139702    6.823206    0.158561   9
  -12.369113    9.507512   -0.631995   3
   12.266367   -2.874500    2.208260   2
    3.646968   14.282009    8.578244   2
   -6.987130    6.720555   -2.558824   9
   12.476053   15.823030    6.851040   2
    2.810119    3.510608   -2.614560   5
   11.654458  -12.742496   -8.194196   1
  -13.619889    5.352568    9.823390   6
    5.505902    6.741536    1.333472   8
    0.560610   17.438787    5.025721   9
  -15.796472   13.460772    4.107539   3
   -9.367215   -4.735016    6.822049   6
   -0.050863  -14.864030    7.903809   7
   17.675609    8.905617    4.867729   2
    7.638540   -0.374364    3.597598   4
    7.868168    1.461161  -19.317886   8
   12.638408   14.992716   -6.765231   2
  -20.009104   -0.060812   11.567836   6
    9.505406   -8.835616   -1.207476   8
    2.673933   -9.138621  -15.934046   7
   -8.067825    0.280579    2.543151   6
   -4.329220   11.761480   -0.365882   9
    0.014745    2.399683  -24.120306   8
   -2.489974    6.899974    7.103015   2
    7.134609    1.313330  -10.753190   1
   -9.483743   15.503043   -7.261308   4
   19.250201   -1.053997   -5.718598   1
   -2.246593   -7.207802   -4.022708   1
   -3.610397    1.640187  -15.899721   4
    4.026009    0.272156    7.949639   2
   -4.520544   -0.820057   -1.598577   3
   -6.971525  -10.936645   -7.056821   4
    6.781048  -14.138814    7.940138   1
    6.834650   -8.957037  -14.650373   1
    5.631942   -1.609547   10.487175   2
   -1.975120   11.098350    3.028937   3
    5.363629    3.479928   -5.326695   5
    0.715913    8.937659  -12.338779   5
    3.622629  -12.074404  -15.134422   1
   -3.676359    5.882012   -5.671653   9
   10.513391  -18.106384  -11.191285   1
    4.022753   -6.742180   -4.116788   7
    0.798351   15.057875  -11.040257   5
   10.447976    8.553880   -6.914450   5
  -12.761320    2.939862    0.631880   4
   -2.392547  -10.408760   -7.566335   1
   15.534651   -9.708917   -3.442843   1
   -4.849844    1.638623   20.951061   6
   -1.342422  -11.757656    1.451489   7
  -11.176401    0.006826    3.273987   6
    0.499915   -7.755824    1.847605   1
   -6.997358   -3.662239  -18.101394   4
   10.702263  -19.507867    3.844250   1
  -10.118808   -8.047335    4.309853   6
    4.793210    5.734425    0.312114   8
   -2.897496   -2.436627    6.295714   7
   -0.820288    3.245299   -4.706067   8
   16.357379   -8.509468    2.750256   1
   12.340832    1.167359    0.659338   8
   -4.470025    8.658936    2.064255   3
   -1.426529   10.262112   -8.118819   8
  -17.625753    1.860956    6.919860   6
   -2.274521    7.383625   16.107977   3
  -10.158605   -5.911360  -18.013274   4
    0.331667    3.141763   -7.077026   5
    9.071762   -0.599207   -0.882863   8
    9.680239   22.427404   -6.740946   5
   14.856255    5.096848    6.032850   2
   18.671296    6.040899   -4.723193   2
  -12.885229    5.116144   -8.031410   4
   -1.211347    7.695765   15.575265   6
   13.562106    8.429951   -4.642542   2
   10.785518   -9.337431   -5.699001   8
    6.778519   -8.723569  -11.408410   8
    5.309054   11.127110   10.197804   9
   13.213952   14.073488   -1.773401   2
    8.675753   -4.008739   -9.956052   1
   10.207585  -10.555579   -8.973120   8
    1.321901   -2.154715  -11.935565   1
    5.345023    5.783484    8.157433   2
    4.549487   18.482348  -13.459636   5
    7.564600   10.513521   -8.126618   5
   -4.832155    4.927414  -13.044334   8
   -7.868759    3.099825   18.176699   3
   -9.624783    2.921546   -7.545706   9
   -7.142524    9.021200  -10.347497   4
   -3.599589    1.625813  -12.298869   4
   -7.017119    8.953658    4.844369   9
   -6.018865    8.917610  -12.238224   8
   12.703225    9.796582   11.815994   2
   -1.884782   11.951582    3.851302   2
   -2.653101   -1.085923   16.354050   6
  -12.922109   -0.606753    2.372592   3
   -8.177542    9.040142    1.966206   3
  -15.643841   -2.091380   -4.200426   4
   -4.802945    2.469400    3.080461   2
   -4.163208   17.614271    7.187339   3
   -7.008516   15.020956    2.261679   3
   -6.225802    6.608118    1.628056   2
   12.671976   -0.817907    9.549195   2
    8.371845   -2.573620    0.331074   2
   -3.411885    2.405552   -2.718900   9
   -2.764650    4.097147    7.096112   6
    4.842324    7.802388  -12.160605   5
    4.012990   -7.221001   11.044172   7
   -1.294054   -8.364106   11.068124   6
   -2.823235   -5.832871  -11.092191   8
  -15.222711   14.745352   11.673887   3
   -2.747395    9.666288  -17.937757   8
   -5.734008    0.921803   -8.527321   8
   10.381021  -15.688304    4.187444   1
   -6.512888  -11.154913    3.225767   6
    2.657553   -5.341579   -9.815634   1
  -14.200446    4.847623    3.726371   3
   -4.731865  -10.356181    7.521044   7
   -5.865349   -0.913403   -0.270011   7
   10.192485   -1.407906   -0.876258   1
    5.798487  -10.932083   12.122655   6
   14.267349    6.201815   13.171265   2
    4.954149  -17.127602  -13.726449   7
   -0.032703   12.829009   -5.107243   3
  -10.132699   -8.283296   14.020163   6
    8.258803  -12.208748  -10.792363   1
  -12.899167   -3.684467    7.700409   6
    2.084980   -0.421764   14.463550   6
    7.679067   -9.365586  -11.702448   8
   -8.556738   13.463983   -0.678252   3
    4.494578  -13.427428   -5.890012   8
    6.108300    9.193785   11.357424   2
    8.647001   14.612194  -16.597290   5
    5.921586  -13.194773   -2.545615   7
   -2.285682  -13.169538   -6.813218   4
   -6.300690   15.010627    5.201239   9
   -8.014309   -1.706895    3.527883   3
   -5.593544   -3.147291   -6.247006   8
    3.943744   13.883963    0.234629   2
   -5.540901    4.911658   14.942063   3
   -4.970234   -4.487641   -2.967592   7
    7.468838    5.082253   -5.629210   2
   -7.568811    7.654421    6.054104   3
  -11.470181    2.587801    9.911474   3
    2.702145    4.128866   10.788779   2
   -9.381258    8.121314   12.382970   6
    9.345447   16.774313   -3.362671   5
  -15.336900   11.868891   16.196144   3
    3.194580   17.988372   -6.201643   5
  -10.499101    3.141814   10.318300   6
    2.519658   -3.163561    7.744339   2
    8.185228   14.250177    4.205897   5
   -2.934389   19.602237    9.878764   3
   -8.972049   -8.023527    0.770936   6
    4.977624    0.038102   -1.011248   2
   -2.810948   -1.559591   21.059798   6
   -4.190403   -3.352204    7.779137   3
    1.765418    8.278277   -8.639077   5
   -5.884095   -1.889055   18.221648   6
   -1.165967    5.934379   15.924428   3
    6.235447  -12.628425   -6.542089   1
  -13.173900    6.083069   10.709003   3
   -8.277713   -6.310298   -2.856589   7
   -4.277734   -8.386573    2.239623   7
   13.381264   11.290923   -2.928416   5
   -6.656562   -7.803628   -3.334995   7
    1.566219  -21.455456   -5.995299   7
   17.545524    9.463026   -3.217585   2
   -5.381043    0.152554   -4.190785   9
    7.370973    5.295619   14.741259   2
   -0.903203   -5.389986  -18.499479   8
    3.919212    4.665759   18.964410   2
    5.954070   -1.532390   -8.888610   1
    3.002327  -14.181943  -10.174613   1
   -5.106332  -24.234956   -4.577134   7
    5.018221   -0.561123   -0.001421   2
   -5.023232   18.225017    2.502795   9
    4.856121   -6.339068  -12.876046   1
    8.770544   -5.078651  -11.140425   8
   -9.912258    3.211483    3.891173   6
   -8.472658   -0.291525   21.636393   6
    4.395680    7.275552    1.744311   2
    7.335533   -5.333221   -4.304344   7
   14.053789   -2.899290    6.687815   2
    0.993604   -2.566020    6.938425   3
    0.413923   15.831582   -0.398829   9
    4.483194  -13.515075   -6.299845   7
    1.941034   -2.071844   26.139723   6
   -9.561486   -6.881103    8.203691   6
   -0.761250   -2.199913  -11.754252   8
   -0.728734    6.077725    3.250336   9
   -0.794620   17.049442   -4.833769   9
    1.440250  -12.949913   -8.571111   7
   17.264419   -6.731647   -3.141802   1
    2.975059    9.133098    7.522676   3
   -7.480668   -8.919063    8.108931   6
   -6.351799    9.709993    6.083779   6
    6.082540   10.753804   -7.611365   2
   10.758981   -2.573396   -3.355680   8
    7.819114    2.987529   -6.750392   1
   -1.700377   -6.232030    1.019856   7
  -14.068474   -0.681971    7.136346   3
   -3.985172    6.099168   20.651930   6
  -11.039826   -0.069283    5.257147   4
  -11.177907    6.587137    3.505899   4
   -8.584773   -6.433990    1.167214   4
  -10.446564   14.204097    2.306297   9
    0.047470    0.895292    7.160119   9
   -8.889198  -14.841090   -0.011160   7
   -0.483776   12.690945   -2.210297   9
    0.749920    0.673159    8.851536   2
    6.573828  -13.658828   -9.372885   7
  -20.256977    5.685095   -6.030136   4
   -1.602357    9.114628    0.866847   2
   -2.307069  -10.142847   -0.188957   1
   -7.386971   -0.138691    8.603065   3
  -13.756224    9.206078   -3.979963   4
   -9.547239  -12.969998  -10.487669   4
   -1.088215  -19.361720    1.240667   7
  -14.580617   14.236540    0.747934   3
   -1.443145  -14.045789   -0.227673   1
   14.135991    3.120270   -5.969211   8
   13.355909  -14.383477   -3.932925   7
   -1.611880   -0.741703    1.198668   4
    4.533286  -21.426197    9.582536   7
   -9.350092    3.675412   14.053135   6
    1.021817    6.452582   12.373700   3
    6.542978   12.815071  -10.742187   5
   -2.352506   -6.354798   -7.659169   4
   -7.062111   10.392209  -10.140963   9
   -3.828962    6.995807   -0.933136   3
   13.914271   -1.412448   -2.472625   8
   14.609305    8.342767   -1.344255   2
    5.204330   -6.912150  -19.552969   8
   -3.271095   -1.660826   -3.254515   4
    4.394356  -24.912433    6.692440   7
    5.337397    1.882823    7.445573   2
   11.082697   11.683350    1.521979   2
   -6.547830   22.953422   11.323184   3
    9.003594  -14.252448    1.302058   1
    9.204455    1.713425   -5.686538   2
    3.875503   -7.120106   -5.137732   8
   -8.178985    7.589127   14.768860   3
    2.168553    4.358048    2.698794   2
   -0.957164  -11.245888   -5.044428   7
    8.305776   15.621394    4.838400   2
   -5.194517  -11.164033   11.149336   6
    7.703474   12.433412   -0.766550   2
   -0.865264  -13.226337   -1.863427   7
   -4.403613   20.898830   -0.161901   9
   -4.423974   -0.838987    1.397021   6
    3.080265   11.772666    0.791135   5
    1.768811  -19.156115  -10.066910   7
    7.103937    6.026930   -9.081663   2
    3.622879    0.954556    3.852087   7
   12.137261   -4.273957   -5.433946   1
   -1.557325    6.572230   -6.628078   8
   -7.022958  -10.298110    4.178562   7
   -0.922377  -22.060561   -9.282286   7
   -1.905003   -9.381889   -0.534966   6
   -1.473365   -2.876755  -15.216034   8
  -10.430430    7.190191   -3.253504   4
   -3.105696   10.287221   -6.894835   4
   14.675638    2.279078   -3.413704   1
  -13.690946    0.562633   13.656321   6
   -0.339221  -11.678788    8.293450   6
   12.214015  -10.102083  -11.233606   1
   -8.386905    0.263521    9.579422   3
    8.498049   -5.008107  -11.885107   1
   -3.137448   -7.622319    2.828564   6
    8.592313   19.134432    6.517784   2
   -8.941143  -11.318640   -3.447298   7
   -1.699157   -6.093020   16.434638   6
    7.766433   15.024433   10.618940   2
    0.505538   10.277270   -5.745903   8
  -11.413920    3.945237  -12.912066   4
   -5.093516  -19.330948   -4.347549   7
    8.497891    3.182980    3.871450   2
    3.185186    0.155563    5.049333   2
    2.337768    7.682377   -3.108736   2
    1.286415   -8.964908   -3.612691   1
  -11.330982    6.931468   -6.109438   9
    3.477779   12.263936   -3.872865   2
   -9.389772   -0.171853    1.466732   4
    0.759757   -2.346772    6.612499   6
    5.546921  -20.294371   -0.811560   7
   -3.242456    4.956052   -9.162153   8
    5.312113    0.143055   -4.740753   1
  -15.100364    8.244286    5.777098   3
    1.828627    1.626267   -0.044868   9
    5.434226   -1.800927   -4.167291   1
   -5.315516   -6.893121   15.803294   6
   -5.453299  -20.998300  -10.864900   7
    7.653967   -5.521586   -0.332682   8
  -14.874437    8.863437    0.546062   4
   -2.282650   17.502106    1.277673   9
   11.459284  -12.933712    5.633365   7
   -8.279388   22.581090    4.788440   3
   22.234716   -3.082777   -5.378879   1
   17.265929  -13.501915   -3.453510   1
   -3.474998  -14.356937  -10.093535   7
    7.700590    3.720556    0.637057   5
   -9.423351   10.210985   13.127027   3
    6.258071   -2.935005   12.363927   6
   -7.820102    0.674866  -15.196952   8
   -7.874348  -10.075167   -9.068398   7
  -11.586978    4.574721   -1.445099   3
    6.211328    9.872964   -4.393352   8
   -6.885912    5.852673   10.903050   6
   -8.166447   10.408537    8.585708   3
  -15.196653   -4.758457  -13.901246   4
   -6.717156    0.619078   15.118488   3
   -1.980710    0.352083   -9.251493   5
    2.062069   -5.231288    4.339675   1
   -0.632423    7.441246    9.365063   3
   -1.438287  -14.025143   -7.096925   1
   21.373243   -7.033542   -7.008909   1
    7.240163  -14.641017   -3.977465   7
    1.440116    4.800743   11.934770   2
  -16.483748   -2.826523   -0.547960   4
    6.501552   -3.842449   -3.025699   8
   -3.292209   -1.278927   11.963308   6
    5.555173  -10.616821   -2.448796   1
   -3.895900    3.541961  -19.939778   4
   -8.322260  -14.701277    5.193104   7
   -4.188269   -3.174630   -6.745830   4
    8.223715    0.526410   -2.446055   2
    7.000157   -8.118132    9.023549   7
  -12.665841  -10.668760  -11.105850   4
    3.256405  -19.749507   -3.267495   1
    3.063778  -14.243136    3.359145   7
    0.141399    3.003775   13.762979   6
   15.260964   -1.352490  -11.239119   1
    4.885611   -1.278661    1.114426   5
    5.400867  -12.110629    2.345636   1
   -0.542211    1.689787   14.394910   3
   17.466589    0.349817    6.280799   2
    3.541697   -1.680433   -0.312150   8
    8.240269  -19.647489    2.326736   7
   -3.254291   -5.699947    7.799028   4
    3.003056    7.888884  -15.717393   8
    9.673378    0.853926    6.283239   5
    0.136425  -14.849734   -5.229770   7
    9.366828    7.057459  -17.915469   8
   -4.164778    6.208688  -16.405428   8
    9.171985  -15.415097   -7.975823   1
  -10.824311   -0.923460  -17.034622   4
   -7.151831    2.261356   18.321951   6
    8.615041  -10.142435    2.326557   1
  -10.249070  -17.777472  -10.122061   7
  -11.737306   16.508582    2.097011   9
    4.205560   -1.245841    6.830484   6
  -15.692110   10.693346   -0.203300   3
   11.811798    5.140844  -15.654111   8
   -7.401999   -1.348595    0.461758   3
  -16.145634   -3.833291   -7.596977   4
   -2.706340    0.094312    4.896115   3
   12.902568    0.237133    4.314043   2
   -7.726735    1.905970   -2.256633   3
   -8.962699   -8.647761   -5.139486   4
   11.949095    2.139468    0.110248   8
    3.910341    7.582803   15.057800   6
   -4.153276    2.734558    0.128682   4
   -7.829975  -13.376217    8.360745   7
    7.102927    7.238809   -6.481787   5
    5.097284    7.922406   -4.327497   8
    3.390914   -3.573842    7.044725   7
   -8.378793   -4.780189   10.203776   6
   11.635883    4.485424  -19.897510   8
   -4.653529    9.448122   -4.592936   3
   -8.540706   11.127399   -2.338963   3
   -6.286329   -5.021785   -4.415944   4
    8.629045  -12.539926   -6.168693   7
   17.364861    2.926103   10.460258   2
   13.421014   10.669670    8.198566   2
    2.392787   10.919181   -9.610875   5
    1.578021  -10.476975   11.054684   7
   -0.493756  -14.830717    3.033843   7
   18.455801   -8.360754   -0.456674   1
   -7.605542   -4.673164    1.244148   4
   -2.633241    9.506545   11.496398   3
   -7.968182    4.652452   10.383453   6
   -5.363537  -11.543742   -4.438537   7
   -0.406913  -12.312044   -3.899461   1
  -14.139328    2.215572    6.116577   3
    0.508740    6.029237   -2.886488   8
   -7.455757   -1.108448  -13.785545   4
    8.944294   -9.484954   -4.647645   1
   17.634260   -2.847765   -5.521797   1
    8.562276   11.716579   -0.942231   2
   -1.706298   -9.480516   -6.062102   7
    1.182699   -7.159577    2.780718   4
  -14.635618   11.965715    8.471078   3
   -4.116357   -9.203174    6.312422   6
   -0.883207    4.908897   -2.110102   2
    0.240331  -11.939760    5.133286   7
  -10.516831   -4.255491  -16.193779   4
   -6.368859    3.407063  -17.382264   4
   -3.972341    3.456819  -13.862728   8
   -0.040764    2.839471   21.078673   6
    2.669410   18.140656  -10.199544   5
    7.727824   -0.851107   12.819872   6
    9.599065   -3.170078    1.566970   8
  -13.297878   -3.865288    4.802328   3
  -14.228282    1.792792   -2.582703   3
    3.066666   -3.557460  -16.668639   8
  -16.781241    6.863671   10.467260   3
    2.761917  -11.862651   10.728149   7
   12.492260   15.709540   -3.622671   5
   -5.957673    4.847337    3.008057   4
    2.378253   -4.263619    6.327287   6
   -1.674962    0.795437    0.103686   2
    6.126702    3.570269    3.801371   5
   -7.787078  -17.802374    6.224190   7
   -2.196663    5.660460   -1.876632   3
   -8.157844    0.275592   11.719573   6
   -0.857334   -1.934594   -9.194793   4
    6.863268   -4.738675   11.967188   6
   19.577424  -12.093925   -6.191592   1
   -9.922077   -1.804908   16.004637   3
   11.163251   12.912640   -1.895435   2
   -0.206416   14.757900   12.032306   3
    2.084593    6.957310  -11.296627   8
    3.183928  -21.227939    4.105287   7
    1.227106  -20.125140    3.868576   7
    5.476764    8.454122  -10.156708   5
   -9.464709    2.976823    0.959823   3
  -11.410214   -7.761200  -12.838349   4
   -5.883647  -13.773661    2.055391   7
   14.268189  -15.515209    2.270104   1
   -7.003269   10.207101   -1.966421   3
   -7.828487    2.293855    7.745807   6
    2.656190    2.332453   10.925174   6
   -9.445713    8.852365  -10.008206   4
   -8.155112    6.748190   12.651886   3
   12.680145    1.062291   -7.497425   1
  -13.943552   -1.524987   15.556965   6
    0.652461    6.869982   12.476800   6
    4.600332   13.834227   -7.534936   5
   16.732312   -3.440201   -9.377002   1
   14.959703   -2.015651  -15.136973   8
   -7.175544   10.853013   -5.810749   9
  -16.467742    2.246163   -6.474825   4
  -12.015436    0.214976    8.282024   6
   -2.790711   -6.708556    5.072242   7
    2.093691   -4.839875   -2.321092   8
    9.209904    6.560532   -2.486327   8
    2.366233  -15.130941    4.769751   1
    9.893711   -6.359037    0.934887   1
    5.455402    4.683933   -0.931358   2
  -13.534977  -22.822920    0.246181   7
   -5.549928  -21.836632    2.578526   7
    3.118379  -14.348660   -4.780725   1
    6.196475  -19.318037   -7.098594   7
   -2.224267   18.753735  -11.055144   9
   -2.945478   -6.310654   -6.905604   8
    0.919845   -2.418462    0.087167   8
   -8.030764   14.123975   11.882631   3
    1.821986    2.276465   -3.605897   2
   10.087038    9.783012   -3.365485   8
   -7.562356    8.448301    0.840595   9
  -16.901391    5.021809    6.127591   3
   -1.302486    8.282297   -3.745445   3
  -10.371896   12.822307    1.240589   3
   -6.346899   -8.286954  -10.135912   4
    5.275351    9.584725    4.398779   2
    5.516423    2.539848   -3.864918   1
   -9.319279   15.144877  -10.315741   9
    5.115453  -19.242163   -7.597758   7
   14.555119   -3.434123   -1.796723   1
   -7.853129   -5.811434  -13.920033   8
  -14.858528    6.768435  -10.763896   4
    1.875449   -4.142375  -10.425473   4
   10.648402   -8.970496  -15.861673   8
  -11.546494   -6.974987  -11.353548   4
   -4.565865   -0.447595  -10.053073   4
    0.705617  -21.751108   -5.641261   7
   -7.681541    5.991750    0.113238   3
   10.762274    9.268344    7.263212   5
   10.477427    9.326338    5.880851   2
    6.863525   -2.421575   15.520464   2
   16.373310    2.058186    8.316686   2
    8.066823    0.342844  -12.560886   8
   -0.521727   -5.675829    8.656551   6
    0.613224   16.790457    9.659925   3
   -1.960334    2.998678    9.353260   3
   -0.540476    6.151841   -2.385177   8
    6.389946  -15.910952    2.977950   7
    6.517784  -15.526035    2.795361   1
   -3.126016    5.362661   12.537810   6
  -17.612516   12.773596    3.590016   3
    5.472054   -1.770690  -21.698404   8
   -6.142507  -16.768719   -9.612328   7
    5.887790   13.677245  -13.548367   8
   -6.674187   -6.773121    4.089831   4
   -6.224897  -20.121450    2.276514   7
    0.337354  -10.907959   -8.767561   7
   -2.865515  -25.662187   -1.639345   7
  -12.348325    3.765609   -5.366249   9
   -3.879439   21.007012   -3.846074   9
   -1.059753   -6.417275   10.110606   7
   -9.015518    3.890544    1.041148   9
   10.004805  -12.908180    0.765853   7
   16.219592  -11.244077   -8.004805   1
   11.374663   15.253660   10.562364   2
   -5.069452    4.350852  -13.949817   4
   -5.785632    3.960668    5.207250   6
    8.481730    9.629031    2.913360   2
   -3.472456  -11.974902    4.420741   7
    4.369858    3.668349  -10.410901   5
   10.358363    3.874083    0.724979   2
  -16.909580    5.069055  -14.885912   4
   10.461760  -12.436265   -2.861885   7
    0.211297    1.380660    3.186225   9
   16.894109    5.383586    2.441896   2
   -0.044595  -12.273452   -2.754416   1
    4.189391  -15.681383   -1.558619   1
   -5.691928    7.886509   -7.754101   8
   -6.430848   -2.761960   11.099388   3
   -8.260508   -0.760048    5.510379   6
    7.568790    8.506718    7.864084   2
  -14.786014    6.061544   -2.510740   3
    3.914224   12.264517    5.496213   3
  -14.924051    6.309191   13.736729   3
  -11.098845    8.192494  -11.288071   9
   -4.059147  -12.489491    7.802613   6
   -3.973711  -14.965625   -3.534039   7
   15.392019   -6.414781  -10.872874   1
   -5.668181    5.289390   -1.883180   4
    8.281325   16.714561   -7.459705   5
   -9.295341   -4.373715   -5.756617   7
   -1.934813    6.652059  -11.501200   5
    2.878370   -6.484375    9.276280   6
    8.797363    9.359510   10.963769   2
   -8.131027   -5.103612   -1.032430   7
  -12.388869   -4.503543   -9.122998   4
    7.478631    5.970254   -6.346297   8
   12.765586   -9.433718    5.772153   1
    1.709126    0.558295  -13.406353   8
   -9.604909   -6.746011   -8.630873   4
   -9.497682    6.178671   -2.592996   9
   -2.234183   15.148268    4.303130   3
    3.621574  -10.347787   -1.614531   1
    3.633258    2.777817   20.659433   6
   -3.683804    9.341071    2.383498   9
    4.608575   10.256871    0.901836   2
    9.538776   -0.986759   -7.868648   1
    6.574212  -10.757067   -4.642151   7
    6.599305   -8.278676   -0.982422   7
    6.631821    3.343582   11.263314   2
   11.261645   -6.446237    1.910620   8
   -0.176792    0.591266  -13.922623   4
    8.524423   16.311055   -2.065860   2
   -2.035536    6.739684   -2.033640   9
   10.474502   11.481456   -7.154437   2
   -3.177649   -9.190425  -11.604340   4
   -6.354457    4.007231    4.538505   6
   -3.931029   13.958323   14.749929   3
   -1.014318    3.806966   -9.051945   4
    5.437232    7.898054   -4.893018   2
  -12.793190   17.779300    6.888638   3
    7.321144   15.801739   -6.510332   5
    5.326946   21.607196   -7.897034   5
   -9.090797   -7.893864   15.922981   6
  -11.742139   17.874559    3.291875   3
  -12.163942    2.328343   17.144529   6
   -9.289770    1.770293   12.902127   3
    1.365246    5.658543   -7.440378   8
    5.056136   -1.111131  -14.829544   8
    1.461154    5.583601  -11.033337   5
    1.356996    1.394470  -10.123429   1
   -8.663610   -8.746653   11.816182   6
   -7.969602   16.356914    1.799904   3
    7.398496   18.903185   -1.184984   5
   -4.025587    3.454073   -6.230509   8
  -12.946473    5.551663    9.011475   3
    5.127550    9.060120    4.890481   9
   -8.232088   16.734063    0.664886   9
    3.799503    8.563771   -7.948709   8
   -5.725992   -7.424363    9.987045   7
   -0.717950   -7.064024   -3.289149   7
    3.829732    1.395152   -6.863724   2
   -2.314880    4.189509    1.194085   9
  -17.005831    1.817927  -17.034784   4
   14.872561    4.998115    9.650732   2
    6.548754   -7.621663    8.610069   1
  -12.344018   -3.260014   -0.435951   4
   -4.261743   19.443406   -7.022279   9
   -0.171150  -16.840953    9.703556   7
    4.704721    0.621857   18.775270   6
   -2.319804    5.464064    6.146006   2
   -6.950580   -4.218252  -16.559971   4
  -13.571714    4.276893    2.279231   4
   17.118698  -13.544533    4.572097   1
   12.375023    7.291959   -1.920174   5
    5.227646  -15.524344   -5.494326   1
  -13.852268    4.956696   -4.298029   4
   -4.749888    6.635697   13.996434   3
  -12.995708   10.379096  -10.567147   4
   10.801339   13.505147   -0.716295   5
   -3.698756    0.477210   12.345070   3
   -6.126727    9.894215   12.614901   6
   -7.187137    5.153766   -5.590749   8
   -1.444964    9.198710   -1.697692   3
    1.070770   10.285687  -12.419977   8
    3.913737  -15.635438   -1.210564   7
   -4.327510    9.727619    8.199631   3
   -3.065564    7.524670   -8.839197   9
   -9.422959    5.403166   -2.145732   4
    7.921795   -7.563309   -7.104910   7
    7.501304   -3.311377   -5.973061   1
    1.611024   -0.081090    8.124314   6
   -8.039643  -18.959081   -7.117669   7
  -12.472607    0.553827   14.017322   3
    4.214037    3.660151   -5.710795   8
    4.106880   20.546244    0.337244   5
   10.689279  -17.447607   -3.743324   1
    8.444012   -2.464221    5.020298   1
    2.864049    5.781310   -8.171815   5
   11.494042   -0.285576   -0.286968   2
   -0.412911   -8.309485   -2.304140   7
   -6.022958    5.108578    1.084986   6
    7.550682   -3.783474    0.003605   1
   10.012919  -12.832915  -10.798643   1
  -15.421997    5.046587   -1.975717   4
   10.473458   -5.023162    6.901627   1
    5.206090    2.828277    1.278551   8
   -1.230310   -7.881255  -15.906342   8
    3.518495   22.020876   -0.596049   9
   -0.073829   -3.085571  -10.179350   8
    7.867598   10.442259   -0.510066   5
    1.685341    1.004561   -2.887515   8
  -11.932644   -0.250424  -16.364641   4
    6.795129   -5.478750   -8.835152   8
   -0.262173    6.453676  -15.872430   8
   12.370425  -10.776409    3.618814   1
   12.209123   12.535681    4.812790   2
    0.373434   15.461533   16.354882   3
   -1.225943   -8.598761   -8.494376   7
    1.426427    3.533623  -10.659225   8
    0.397925   -8.275463    3.092359   7
    3.078112   -9.900516   -2.570548   7
    5.062648   21.982135   -3.248126   5
   13.788816    2.431397   -3.824165   2
    8.555198    3.462667   -3.981508   8
    5.992951   -8.098966   -2.443230   7
    1.503953   11.864468   10.785103   3
    8.528244   -1.976862   -8.053713   8
   -4.530079   -2.795054  -11.886660   8
    0.254725   -4.592392    3.819576   7
   13.080960   14.461475   13.906260   2
   -0.325075   -1.396200   -5.301682   4
    6.620212    0.375127   13.336282   2
    5.362192   -2.678470  -12.486778   1
    8.766516   17.185133   -0.982495   5
  -11.135626    0.875434    4.153660   3
   -5.652366    6.057235   -1.060724   9
   -9.047860  -10.749554  -12.181226   4
    6.457947   20.807096    3.772953   9
   -1.653382   -3.417925    4.967132   6
    0.513543    9.132710    5.949110   2
   -5.752221    0.694157    6.950473   3
    9.251294    6.203210   10.738030   2
   -1.167222   13.287680   -8.075080   5
   -7.286769  -18.407853   -1.693150   7
   -4.735465    9.535169   -3.114727   9
    5.676800    3.667378   14.470804   2
   17.875023   12.686660    6.902176   2
   -4.457136    4.955381   -9.477746   8
   -1.604581   -4.374060    3.607811   6
   14.175187    5.275737   -8.098793   1
    6.580210   -8.058061  -12.152297   1
    2.101519  -12.694637   -1.209249   1
    2.886785  -12.275390   -7.602514   1
  -14.030289   -9.506182   10.959675   6
    0.122828    9.860683   16.351357   6
  -13.799634   11.867116    3.497562   3
  -13.684953   15.107475    6.653220   3
    2.159085  -18.166417    8.094226   7
  -10.021123   -2.742022    3.070213   4
   -2.842239   -3.222031   -8.986908   8
   10.614051   14.921011   -7.762157   5
  -11.098061   -2.680777  -12.348674   4
    4.125994  -14.784426    6.782607   7
   -3.363010   14.893293    2.366042   9
    9.300468   18.281467  -11.255733   5
    8.794462    4.685497   -0.745722   5
   -5.507813   -3.969183    1.943998   3
   -0.928060   -1.299913   -5.001548   8
    4.205677   -7.441444    3.381929   1
   -6.278394    1.820137   18.825620   6
    0.407713   11.460077   -5.132381   5
    6.993731   -9.458999    5.667443   1
   -4.170362   10.724186    9.407203   9
  -11.247835   -2.195567   -3.838465   4
   12.187128    3.147912  -11.263934   8
  -13.164101   -4.145487    3.020750   4
  -11.840941    7.493683   -5.446159   3
    6.956237   12.598579   -4.285653   2
    2.095157    8.293289    2.609465   2
  -11.129529    6.582237    7.474899   6
    5.992365   16.334653   -9.931450   5
    9.581767    8.113445   14.268491   2
   -5.914325    3.851527   -9.892616   4
  -16.434481    2.710409    0.986628   4
    3.775206   -3.308244    4.184818   2
    3.943745    5.440319   -4.755856   5
   -4.682646    2.082550   11.378217   6
   -8.967306  -10.360669    0.178795   7
  -14.033577    0.096732  -10.731325   4
   -9.746670   -5.111695   13.605944   6
    7.999929  -13.837062   -3.879162   1
    3.791604   10.201326   -0.605675   3
    4.760846   -8.695703    3.632224   7
   14.904169  -10.447929   -7.096142   1
    4.109180   -5.145509    3.641930   7
    1.675852  -24.568303    2.272809   7
    6.369078    0.838595   -8.661285   8
    0.751582    3.607167    8.822896   6
    0.215433    9.018160  -11.728326   5
   -6.448277    6.715804    9.382500   3
    2.616500    4.779348    2.236618   2
    6.573182   10.209809   -3.955502   5
   -2.754101    5.747909   -8.792321   4
   -9.035465    2.162023   -6.051098   4
   -4.480450    7.161290    8.275591   6
    2.160250    4.307850  -12.204272   5
   15.046949   11.403586    0.956290   2
    5.888473  -10.154398   -5.592127   8
   -3.144102   13.329831   -5.003950   9
   -8.524429    4.057817    7.446247   6
    1.256618   13.114170    2.952427   2
   -2.315018  -14.152421   10.609143   7
   -9.324613  -23.343740    3.699806   7
  -11.527908   20.835223    8.752954   3
   -2.862903   15.778412   -1.771107   9
  -10.028473  -11.593050   -2.462120   4
    3.657952  -11.342540    2.572801   1
   12.203148    3.033685    7.791922   2
   -9.510751    5.058767    7.569695   3
    1.797484    5.103023    7.168385   2
   -5.164185   22.997776    6.672168   3
   -4.678224   -5.697111    9.277844   6
    1.835368   16.576048   -7.124494   5
   -5.093608   -4.085548    5.939860   6
   13.406890   -8.360318   -3.455717   1
    8.343091   13.670835   -3.771952   5
  -12.920355    9.456465   11.045362   3
  -13.675194  -11.854961   -3.523865   4
   -1.352841    1.757632   -9.142566   8
    0.514247   10.599395   12.319041   2
   -5.977714   10.924142   11.827449   3
   -1.599497    7.519351   10.284225   6
   -6.276660   15.530985    5.856247   3
    1.754156  -18.278773   -2.293231   7
   -3.869902   11.998488   -1.724848   3
   -0.152518    1.870667    4.966290   6
   -5.851660   -2.103619    9.365228   6
   -5.624950   10.597722    4.921213   3
   -1.325035   16.774298    4.620265   3
    1.585548   -8.421059   -6.547110   1
    2.383335  -21.882077   -1.554245   7
   -0.209232    9.365486    5.661835   9
  -11.439118   13.879374    9.257381   3
  -12.981394  -10.077793   -8.446553   4
   -2.311019   -2.833834  -12.400479   4
   -1.639254   -4.635013   -4.417420   4
    6.802591    6.432936    2.637666   2
   -3.189452    6.615626   -4.830115   4
    2.502666  -17.452906    1.641515   7
    3.616237  -23.393525   -3.282204   7
   -4.182828   15.703198    9.083818   3
   -1.813293    3.724097    5.134506   9
  -11.720308   -5.653900   -4.694100   4
   -1.962626   -0.308544   23.417488   6
  -13.248079    2.815768   10.532395   6
  -17.639090    7.961914   -1.419995   3
    2.535423   -5.866266   -0.823531   7
   -3.908873    3.699213    8.064872   2
   -4.208688   -3.914408    0.739755   7
   -2.181205   -7.297415   -6.663383   8
   -8.194847    1.839051   -1.561911   4
   -8.184782   -2.098439    6.491047   3
  -10.348366    8.726935   -6.082589   4
   -8.229402   -0.706212   -8.111873   4
    7.454833    4.227268   -4.385662   5
  -11.426033    9.009631    0.505416   3
   -1.085672   -5.867879   19.582808   6
    7.002620   -5.822582   -8.713942   1
   -0.761115    6.660353    3.310393   2
    6.067085    2.713660  -15.007661   8
    8.760207    8.269091   -6.488018   2
    3.116060   -4.110296   13.500234   6
    9.910976   -7.436990    4.560249   1
   12.101186    3.715286    3.936468   2
   -3.169954    0.254862  -16.203828   8
   15.244862   -8.484350    5.615155   1
    1.643413    4.105634    1.448038   8
  -11.957977    1.978892   -3.084712   4
  -16.176650    7.006740    0.957019   3
  -17.763194   13.658757    0.439629   3
   -5.183311   -2.640040   18.600034   6
    1.373426   -7.355259   -8.318525   4
   10.313888    4.832917  -14.279368   8
   -7.209654    1.387517   -2.464701   9
    6.084270    7.059825    1.578010   5
   10.971463   -6.286889   -9.345463   1
    8.103864    7.117427   -2.184207   5
  -14.060743   10.321039   13.077464   3
  -11.980382   -7.298086   20.014401   6
   -4.764172    6.074027    9.186579   6
   15.670329    6.216287   -2.214080   2
   -8.396631   12.633906    5.823061   3
   -0.235132   23.123353   -4.356969   9
    4.776243    1.567256  -11.866026   8
   -5.533887   11.465614    5.463177   9
   -4.151278   12.753499    0.036086   3
   -7.616287    6.797101  -13.648152   4
    1.052729    2.312253  -20.778304   8
    1.430771    2.821572  -17.971519   8
   12.392499    7.634143    1.882311   2
   12.393570   16.383336   -0.527729   5
    3.837733   -4.724368    0.809262   8
   -0.089950   12.915017    5.990399   3
   -1.227155   12.368563    2.326349   9
  -10.763972    8.077915    4.565182   3
    0.468311  -22.630941    1.385356   7
   -4.991274   13.083553   -8.337015   9
  -15.209983   -7.583097   -7.125764   4
    9.786824    1.405119  -15.550855   8
    6.382631   15.938667    6.699797   9
    5.188342   -0.301938   -5.537474   8
    7.097532    9.195492   -3.910900   2
   10.468815   -6.438844  -11.976388   8
  -12.445889   -4.303613    5.600547   4
   -9.594045    0.681042  -11.330284   4
   10.400375   -5.492468   -6.495241   8
   -3.255792   -2.832284  -18.699248   8
   -1.707310  -10.346846   12.597715   6
   -6.208472   -1.037515   14.446981   6
    3.763570   -3.193507   -7.329372   4
  -15.233193   -8.053945   -9.791475   4
   -0.129684   -1.121355    2.626415   6
   -1.382748   -7.186649  -11.046839   4
   -2.183458    3.140050    8.278250   6
    9.255186   -6.199638  -17.837215   8
    5.022659   -7.117243  -14.104157   8
    1.165309    7.761919   -2.220899   5
    5.664079    4.815055   -9.239703   8
    3.541198  -11.617786  -10.342984   8
   -0.030256  -23.349441    6.313630   7
    6.469519   19.220976   -5.077666   5
   -5.952392    1.051427    1.053713   3
   14.113424    5.505424   -5.703901   8
    4.366749   12.471428   -5.804683   8
    5.969952   -5.361223   -3.134428   1
   11.894495  -11.762821   -0.336244   1
   11.555239   15.431876    1.890296   2
   13.730607   -1.104636   -4.265674   1
   -6.532023   13.610674    1.780188   9
  -15.151418   -6.696546   -3.450264   4
   -6.068934   -4.226015   -9.585530   4
   -3.734052   -9.937305   -5.206678   4
    1.692910   14.072932    4.315163   9
    2.793227   -2.514153    1.531392   7
  -15.003473   -3.780239  -13.070853   4
    3.561248   -9.808560   -6.715136   7
   13.493242    0.371144   -3.568558   8
   15.490937    4.738399   -0.800304   2
   -0.045902    9.100068    0.918845   9
    3.096496    6.517628   -2.782610   2
    1.802924   14.447413  -14.421913   5
   -3.316768    6.817413    5.660510   3
   13.722070   -2.425268   -8.165832   1
    5.585065    2.723473    1.825140   2
    9.982655   12.227392  -11.371366   5
    9.720249    5.835884    5.892120   2
    3.314054    9.034449  -18.275820   8
    7.407652   -3.466720    1.313822   8
   -1.349467    2.361193   10.213481   3
  -14.763727    1.868068   11.494875   3
  -17.405332   -7.344310    0.927873   4
   -7.185685    5.438748   -6.935886   4
   -5.560031   -4.770300    2.177235   6
   -0.166307   -1.566994  -17.369848   8
    3.025380    9.132803   -5.275740   5
   14.118706   -8.124233    1.375200   1
   -5.843631    4.296664   14.575348   6
    8.141638   11.921146    6.967039   2
   10.500218    7.126461   -2.164606   2
   -2.008415    2.992461   -3.352356   8
   -4.974924   -9.045479   -7.781827   7
    6.611511    5.236490   -0.967026   2
   14.313313    8.378459   11.426033   2
   -1.403261    3.754911    5.418253   3
    9.723887   -2.414825  -16.669062   8
    8.179868   -3.487123  -12.882759   8
   12.201549  -12.719325   -3.901421   1
    3.900537    4.738665   -1.979060   8
    4.057382   -4.738658   -6.710273   1
  -11.361849   -2.609963   11.100617   6
    8.590082   -0.090938   10.425849   2
    4.583837   -1.115211    5.545929   6
   -4.480403  -10.686905   -0.534015   7
  -12.892547    6.681931   13.935636   3
  -10.869566    4.280089   14.913647   3
  -13.555920   -1.084998   -6.879520   4
   -2.310368    2.151331   13.489584   3
   -2.648804   20.240768   -1.529952   9
    0.972398    1.129236    2.266523   2
    1.821984   -4.876191   -7.547135   8
  -13.121776   -4.475051   18.152221   6
    4.240740   18.885884    6.358848   9
   -5.454869   -6.160804  -12.906145   4
   -6.842653   14.943170   -3.828192   9
    8.599523  -16.144980   -0.340230   7
  -14.628167   -3.567534   12.780917   6
    7.314203  -10.110257   -7.674270   1
  -18.535869    3.157624  -10.803230   4
   12.264795   -5.739470  -11.829407   8
    5.028066   18.819807    1.096786   9
    0.786418   -7.405313   -5.684037   7
    8.561437    3.279090    8.197911   2
   13.421028  -13.729607   -7.669262   1
    2.175307    4.212599  -14.592359   8
    4.760687   10.716072    7.857153   2
    5.227098   18.465633   -1.000653   5
    5.015914  -18.143873   -3.690328   7
    4.079424   15.488513   -3.914279   5
    8.671505    0.718132   -1.311901   8
   -1.198671  -18.716206   -5.192663   7
   12.451345   -0.168816  -13.225743   8
    4.949850   -8.364380   -5.030250   1
   -3.055838   22.133507    1.523905   9
   -9.205094    0.195748   17.319555   6
   -6.304557    5.418881   -3.621964   3
  -10.175850    3.951286   11.637006   3
   -2.442884  -17.690946   -1.914328   7
   -1.656869  -15.598614   -8.412248   7
    2.659290   18.743864   -4.171924   5
    8.123123   -8.802238   -1.057523   1
    9.844094   11.294661   10.052778   2
    0.775457   -7.540849  -12.764940   8
   -0.046547    2.480406    5.666670   2
    7.527649   12.153406    5.946882   9
  -11.819817    5.233787   -0.238785   3
   -4.839338  -18.241191   -4.778032   7
  -12.074389    2.557340   -7.886626   4
  -15.224445    2.700634    9.901519   3
   -0.054584   20.197031    2.366826   9
    6.587040   14.124111   -0.693419   5
    5.193501    2.257375   -1.696197   5
  -11.708822   10.175362    7.448524   3
    6.705897   12.707190    3.517081   2
   -5.362933   -4.887388   12.847668   6
   -7.913437   -3.566852   16.577498   6
   11.820131    2.663565   -6.006471   8
   -5.317918  -16.787586   -8.541135   7
    4.766090   -7.243783   -0.201484   1
    2.297284  -16.999845   -7.175698   7
  -11.625254   -4.635734   16.673322   6
    2.134383   -0.046271   -7.995540   1
   -9.358066   19.532198    2.669582   3
   -0.361626   -4.581589  -14.767473   8
    2.206796  -10.995663    1.251592   7
    3.606217   12.043277   -2.749108   5
    4.183902  -10.327074  -10.314674   1
   -2.235605   12.567759    9.372126   3
   17.377422    9.039845    2.013143   2
   10.417603   -2.646011    7.407610   2
   -5.264654    2.413029  -10.578699   8
    4.533023    8.786078   -1.055368   5
   -1.629524   -0.865167  -12.996424   8
    8.035152   -2.657366  -14.475447   1
    6.180619  -12.325817    2.760603   7
    3.474205   -6.541428  -10.813607   8
   -9.863695   16.786459    6.826638   3
    2.048978    8.761358    9.417806   2
    2.913374   15.133966   -0.544198   5
    9.084919   18.322401   -4.364661   5
    5.109735   -8.737236   -8.181930   8
   -6.669570   19.541247    5.432942   3
    9.169780   12.484620    2.631227   5
   13.200320    9.594503    8.219755   2
   10.925340   11.882862    3.626789   5
   -3.227786   -8.413271   -4.468449   7
   -7.879968   -0.575137   21.123823   6
    0.545134    2.233058   -6.003866   8
   -1.741547    5.520721   -5.916244   8
   -3.876278    5.253338    1.312293   3
    5.109014  -12.287639   -0.675043   7
  -10.167344   -1.204485   14.142260   6
   -9.474956    8.277380    6.469590   9
  -10.586476   14.732672    4.060038   3
   -2.696153  -12.410273   -6.777237   4
   10.880516   -2.315127    0.213815   2
