2.500000000000000000e-01 1.000000000000000021e-02 2.710207304698466757e+01
2.500000000000000000e-01 2.000000000000000042e-02 2.278183628969944863e+01
2.500000000000000000e-01 2.999999999999999889e-02 2.080154551376482885e+01
2.500000000000000000e-01 4.000000000000000083e-02 1.902994776616339223e+01
2.500000000000000000e-01 5.000000000000000278e-02 1.775054457318172751e+01
2.500000000000000000e-01 5.999999999999999778e-02 1.653695011770810908e+01
2.500000000000000000e-01 7.000000000000000666e-02 1.565965466125314975e+01
2.500000000000000000e-01 8.000000000000000167e-02 1.498293718114349993e+01
2.500000000000000000e-01 8.999999999999999667e-02 1.407850067627136426e+01
2.500000000000000000e-01 1.000000000000000056e-01 1.385592194896979557e+01
2.500000000000000000e-01 1.100000000000000006e-01 1.287122605633758887e+01
2.500000000000000000e-01 1.199999999999999956e-01 1.221920650014777010e+01
2.500000000000000000e-01 1.300000000000000044e-01 1.194455646412439442e+01
2.500000000000000000e-01 1.400000000000000133e-01 1.143607149814715029e+01
2.500000000000000000e-01 1.499999999999999944e-01 1.126830258120291184e+01
2.500000000000000000e-01 1.600000000000000033e-01 1.059163975278043068e+01
2.500000000000000000e-01 1.700000000000000122e-01 1.016901502605058027e+01
2.500000000000000000e-01 1.799999999999999933e-01 1.000212260233106143e+01
2.500000000000000000e-01 1.900000000000000022e-01 9.769184412922616190e+00
2.500000000000000000e-01 2.000000000000000111e-01 9.385685087255673409e+00
5.000000000000000000e-01 1.000000000000000021e-02 2.972950485744477689e+01
5.000000000000000000e-01 2.000000000000000042e-02 2.644064199033257623e+01
5.000000000000000000e-01 2.999999999999999889e-02 2.499229861059180990e+01
5.000000000000000000e-01 4.000000000000000083e-02 2.330789953171652584e+01
5.000000000000000000e-01 5.000000000000000278e-02 2.199437889586963735e+01
5.000000000000000000e-01 5.999999999999999778e-02 2.075680428711933700e+01
5.000000000000000000e-01 7.000000000000000666e-02 1.994422340486907785e+01
5.000000000000000000e-01 8.000000000000000167e-02 1.909749409420742339e+01
5.000000000000000000e-01 8.999999999999999667e-02 1.856371634157248351e+01
5.000000000000000000e-01 1.000000000000000056e-01 1.773295821009901019e+01
5.000000000000000000e-01 1.100000000000000006e-01 1.740894556870605925e+01
5.000000000000000000e-01 1.199999999999999956e-01 1.671381810727511308e+01
5.000000000000000000e-01 1.300000000000000044e-01 1.615326876609610096e+01
5.000000000000000000e-01 1.400000000000000133e-01 1.580920961479853126e+01
5.000000000000000000e-01 1.499999999999999944e-01 1.551530926914828434e+01
5.000000000000000000e-01 1.600000000000000033e-01 1.494381541354288068e+01
5.000000000000000000e-01 1.700000000000000122e-01 1.481176451451217346e+01
5.000000000000000000e-01 1.799999999999999933e-01 1.438387057206541897e+01
5.000000000000000000e-01 1.900000000000000022e-01 1.376182484476245271e+01
5.000000000000000000e-01 2.000000000000000111e-01 1.338554593072956855e+01
7.500000000000000000e-01 1.000000000000000021e-02 3.126442190462670112e+01
7.500000000000000000e-01 2.000000000000000042e-02 2.832265706979122299e+01
7.500000000000000000e-01 2.999999999999999889e-02 2.661029549878678679e+01
7.500000000000000000e-01 4.000000000000000083e-02 2.515253163433058248e+01
7.500000000000000000e-01 5.000000000000000278e-02 2.422890447969286143e+01
7.500000000000000000e-01 5.999999999999999778e-02 2.320410810597096329e+01
7.500000000000000000e-01 7.000000000000000666e-02 2.246789822990887942e+01
7.500000000000000000e-01 8.000000000000000167e-02 2.154059689131770838e+01
7.500000000000000000e-01 8.999999999999999667e-02 2.075966052383894578e+01
7.500000000000000000e-01 1.000000000000000056e-01 2.036369944687064759e+01
7.500000000000000000e-01 1.100000000000000006e-01 1.987491194473309264e+01
7.500000000000000000e-01 1.199999999999999956e-01 1.948749185956079444e+01
7.500000000000000000e-01 1.300000000000000044e-01 1.854907031862061473e+01
7.500000000000000000e-01 1.400000000000000133e-01 1.826543301351884807e+01
7.500000000000000000e-01 1.499999999999999944e-01 1.803497270394517571e+01
7.500000000000000000e-01 1.600000000000000033e-01 1.758955617427955431e+01
7.500000000000000000e-01 1.700000000000000122e-01 1.703617677314079870e+01
7.500000000000000000e-01 1.799999999999999933e-01 1.645383968157340249e+01
7.500000000000000000e-01 1.900000000000000022e-01 1.662076224170481709e+01
7.500000000000000000e-01 2.000000000000000111e-01 1.609172898402530905e+01
1.000000000000000000e+00 1.000000000000000021e-02 3.178697630491596726e+01
1.000000000000000000e+00 2.000000000000000042e-02 2.926486648327916384e+01
1.000000000000000000e+00 2.999999999999999889e-02 2.758739696228837346e+01
1.000000000000000000e+00 4.000000000000000083e-02 2.668369836585713628e+01
1.000000000000000000e+00 5.000000000000000278e-02 2.629758922467905435e+01
1.000000000000000000e+00 5.999999999999999778e-02 2.456948386551609431e+01
1.000000000000000000e+00 7.000000000000000666e-02 2.395277665186548788e+01
1.000000000000000000e+00 8.000000000000000167e-02 2.302706369032327416e+01
1.000000000000000000e+00 8.999999999999999667e-02 2.234328617578638543e+01
1.000000000000000000e+00 1.000000000000000056e-01 2.236706310790315300e+01
1.000000000000000000e+00 1.100000000000000006e-01 2.162687645662405345e+01
1.000000000000000000e+00 1.199999999999999956e-01 2.081410104560632846e+01
1.000000000000000000e+00 1.300000000000000044e-01 2.068272129717151486e+01
1.000000000000000000e+00 1.400000000000000133e-01 1.995957239839638575e+01
1.000000000000000000e+00 1.499999999999999944e-01 1.992511811078801287e+01
1.000000000000000000e+00 1.600000000000000033e-01 1.932459127691537049e+01
1.000000000000000000e+00 1.700000000000000122e-01 1.914539732273870953e+01
1.000000000000000000e+00 1.799999999999999933e-01 1.879705698074416276e+01
1.000000000000000000e+00 1.900000000000000022e-01 1.793299824803962395e+01
1.000000000000000000e+00 2.000000000000000111e-01 1.787085814956618179e+01
