   -8.126562   -6.590509    3.391822   2
    4.641488    4.021472    3.359280   2
   -9.803432   -2.859477    6.030825   2
   -6.569222    9.947059   -2.888295   2
    6.104794   -3.877631   -0.382168   1
    7.074204    0.151534    4.972155   2
   -2.882587    3.901248    5.821671   2
   -3.486912   10.341025    3.125250   2
    3.523656    9.356207   -0.790470   1
   -5.085975  -11.654981   -4.509374   1
   -4.110783    7.140296   -9.931361   1
    9.752907    8.998629    1.954065   1
    3.064287   -0.728524   -9.961328   1
   13.203357   -0.787985   -4.299360   1
   -2.762274    7.733148    3.016425   2
   -6.433408    5.773139    1.803457   2
    1.772955    7.886514    5.076527   2
    5.601976    4.065415    7.160011   2
   -3.389575    4.455357   10.507447   2
   11.159981   -1.802271    4.299166   1
    4.012140    1.931445    2.090039   2
   -6.559322   -7.143619   -0.836699   2
   -2.395878   10.503025   -3.392700   1
    1.351723    7.591846   -8.497173   1
    1.119501    0.047444   -6.629015   1
   -4.769820   -2.290718   10.613872   2
  -11.654969    0.046913   -7.661462   2
    1.156610   10.710518   -3.047662   1
    3.448014   -7.310196    7.124711   2
   -3.328561    0.406198   -9.924859   1
   -2.651768  -11.291049   -0.844597   1
    3.446637   -1.962844   -2.113925   1
    5.550616    8.838027    5.840919   2
   -3.547959    8.911521   -0.400855   2
   -5.821765    3.291418   -6.906921   1
    1.468116    3.627166   -4.477472   1
   -4.365553   -4.077767    6.747382   2
   -2.267317   -5.879716   -7.108559   1
   -5.474204    7.586895    6.237046   2
    8.018176    3.592298    7.527224   2
    3.558862   10.319563   -5.725104   1
   -0.493626  -10.256285   -6.967336   1
    3.600643  -10.768794   -2.124047   1
    6.737254    3.282685   -1.932608   1
   -0.343369   -4.768550    3.518776   2
    5.113053   -4.689341   -4.964456   1
    5.076747    2.417605   12.965549   2
   -2.916799    0.126151   -5.947348   1
   -5.677874    2.604575   14.492118   2
    1.759677    1.778160  -11.252608   1
  -11.984249    3.321721    1.411476   2
   -9.683723    6.641250    3.455371   2
   -1.439896   -2.523967   -9.902354   1
   -7.928114    0.029489    0.208081   2
    5.577765   -9.563884    3.393037   1
   -3.811783   -6.589061    4.441115   2
  -10.036644    5.924316   -9.563333   1
   -7.043775    7.110607   -7.448638   1
   -3.063177    7.213977   -4.866362   1
   -6.684983   -9.891019    1.768762   2
    5.587903   -4.221445    4.398248   2
   -9.569141    3.633130   -3.211308   2
   -0.051090   -6.341008  -11.649834   1
   -6.534568    2.285836   10.894154   2
   10.597658    5.055401   -4.218800   1
   -0.809502   10.755732    6.766923   2
    9.251435   -5.179664   -1.742447   1
   -6.608651    6.024698   -3.999098   2
   -6.586888   -8.078152   -0.742317   2
   12.420749   -3.606480    0.813185   1
    1.609431   -9.332848    2.357719   1
   10.790257   -3.662274   -5.593673   1
    6.233932   -1.908412   -8.219597   1
   -6.982296   -4.113271   -7.389718   1
   -1.494346    0.520588    5.442292   2
    2.272197   -8.668173    5.957345   2
   11.527243    5.874168   -1.502308   1
    1.010194    8.208095    8.781297   2
    9.945857    0.182355   -6.457032   1
    0.361673    8.576562    0.720690   2
   -0.810518  -14.211789   -4.097817   1
    5.122078   -3.637126   12.463397   2
    3.331434  -10.932614    0.423642   1
  -10.259330    2.088420    5.469543   2
   -1.596285  -10.090207    9.125672   2
   -6.012992   -8.667809   -6.880933   1
    1.767526   -7.036970   -3.854207   1
    1.203755    4.690511    6.330817   2
   -7.053785   -0.939151    3.653353   2
   -4.740703   -2.672729  -12.987360   1
   -2.450524  -13.808301   -0.124221   1
    0.265419    8.182240   -3.766776   1
    0.559491    4.226632   -8.095069   1
    0.381982   -9.533472    6.046950   2
    7.690751   -5.995385    2.120556   1
   -5.863360   -0.025278    7.817386   2
    3.956169   -3.434672    7.802026   2
   -2.296349    3.345616   -3.290772   2
    7.099724    4.204424   10.604755   2
   -5.870959   -5.475653   -9.306038   1
   -3.043522   10.280248    6.751589   2
    4.044022    6.657424   -3.700321   1
    0.947553    0.927509   10.424957   2
   -1.480267   11.652983   -7.037131   1
   10.143504   -1.797549    1.614598   1
   10.542937    0.486438    1.394085   1
    5.769102    1.855153  -11.853025   1
    9.768712    1.030873   -2.060573   1
   -8.318327    3.090186    2.178610   2
   10.170769   -2.908361   -8.951549   1
   -6.445583    5.443951    5.846735   2
   -9.991746   -0.050411    8.215481   2
  -10.136305    8.435341   -4.553354   2
   -5.678232   -4.529965    1.773534   2
    0.086636   -3.509279   -3.334874   1
    7.304221    6.416651   -1.934952   1
    6.056661   -7.250930   -8.413749   1
   -6.652422    6.560573    1.048277   2
   10.207989   -6.783986   -6.450994   1
    0.577463    2.210100    8.412774   2
   -7.202461   -6.957156    7.306473   2
    6.786167    9.777332   -1.978447   1
   -7.919349   -2.387626   -2.513441   2
   -2.744296  -11.234304    4.211976   2
    1.338963    3.224803   -8.792885   1
    8.719013    1.615937    0.554948   1
    8.263284    4.030216   -8.014849   1
    2.485973    5.073621    0.221420   2
   -2.565035    0.593471   12.646967   2
   -8.458241   10.361335    7.016017   2
  -11.064625   -1.648159    2.498776   2
   -3.889791   -4.406685    8.923155   2
    2.942929   -7.909813  -10.068989   1
    2.576992   -4.667928   -7.674388   1
   -1.208359   -2.820243    7.044425   2
    5.166832    5.143793   -9.943004   1
   -9.307967    4.951425    0.311407   2
   -7.682822    8.884684    0.098700   2
   -5.214049   -4.201192    0.463255   2
   -0.805784    0.056582   -3.064694   1
   -9.320903    2.516353    3.891071   2
  -11.078657    0.164033   -1.261786   2
   -8.844419   -7.473562   -6.018761   1
   -6.222286  -13.196116    3.162060   2
    2.459731   -4.996165    6.106658   2
   -0.283025  -12.876449    1.988367   1
   -2.087267    3.541393  -11.038601   1
   -9.311923   -0.466737   -0.650426   2
   -5.394059    2.781149   -8.941635   1
   -0.914660    5.788870   -7.757944   1
    0.703941  -10.108029   -5.872580   1
   -1.307945   -5.441779   -0.759058   1
   -9.852058   -6.650626   -0.654203   2
    2.052634    8.799221    1.266692   2
   -1.082865    2.048141    3.881566   2
   -7.189871    1.638748  -10.425312   1
    4.379683  -10.285833   -6.144667   1
   -0.676895   -1.012818   -9.951066   1
    0.613754   -9.375411   -2.087314   1
   -0.067549   12.265841    0.282590   2
   13.996191    1.938575   -0.921427   1
   -8.428613   -2.231447   -9.970768   1
   -9.202903    4.261484    9.333741   2
    8.320836   -9.141231   -0.409889   1
    4.458942   -6.735047    1.320445   1
    8.909200   -4.719916    6.190941   1
    3.200570   10.442732    2.976093   2
    4.565804    2.628075    7.484845   2
    3.941871    5.322818   -1.126099   1
   -0.516713   -4.728893    1.159563   2
   -2.063572   -5.973967    8.669160   2
    1.451011   -3.066463   10.122357   2
    4.471348    6.288919    5.789017   2
    0.687367    4.265665    0.949874   2
    5.644296    0.647968   -5.698722   1
   -1.374658    6.208181   -1.327272   2
    2.621777    1.121371   -1.411710   1
    7.587819   -0.978482    8.352479   2
   -1.118988   -3.090171    7.045722   2
  -11.148467   -0.577247    2.517162   2
   -3.525539   -7.635393   -3.430364   1
   -2.599097    4.941802    8.714132   2
   -8.169434    0.494258   -5.314910   2
   -3.254504   -9.249021   -9.869901   1
  -11.388501   -2.327433   -4.129366   2
    0.474463   -5.860061   -0.877939   1
    8.315238   -4.490736   -8.598337   1
    6.871744    6.359942   -4.781513   1
    8.299271    6.392945   -0.750688   1
    0.365951    3.570965   -3.218179   1
   -7.387341   -3.500907   -6.099507   1
    5.859162   -2.694401    3.972898   1
   -0.663310    7.700421    6.506165   2
    5.148664    2.844743   -5.611840   1
    8.953665    4.237891    1.102590   1
  -11.934797   -0.915170   -3.086883   2
    6.388936   -8.885309   -5.840694   1
    4.261119   -3.468179   10.173791   2
   -8.426374   -1.471403   -9.483383   1
    6.314703   -5.158410    6.609138   2
    0.319320    4.967585   11.063851   2
    6.531992   -8.227321   -4.116650   1
   -2.083115   -8.462100   -7.355339   1
   11.602928    3.875489    3.959088   1
   -4.420374   -4.561846   -4.617194   1
    3.921854   -1.902970  -11.061146   1
    9.604005   -6.595008   -2.417386   1
    4.640654   -0.863181   -5.971134   1
   -2.800111    5.908203    3.104065   2
   -5.457636   -1.243997   -1.572290   2
   -7.136547    2.439911   -1.355673   2
   -2.959420   -0.793544    1.830965   2
    4.683655    2.247189   -0.548700   1
   -8.247535   -8.574988    3.481776   2
    6.636689   -0.250798   -3.215165   1
    7.109568    0.646022    5.080908   2
    7.158780   -0.228722   -8.341249   1
   -6.837665   -1.253352    2.126513   2
    4.563668   -1.998301    6.648980   2
    7.006157   10.402525   -0.192517   1
    2.598298   -2.612642    0.780055   1
    4.273036    5.513708   -8.538822   1
   -6.498744   -5.566248   -4.131858   2
   -3.437022    1.652492    8.158924   2
   -0.905727   -5.030686   -4.148028   1
   -2.223575    1.892892   -5.807764   1
    1.478763   -1.980976    4.445848   2
   -1.202584    0.163494   11.487630   2
   -7.188356   -4.597958    4.667808   2
   -5.159495   -0.348710   -4.966960   1
    0.990446   -8.329311    1.917862   1
    8.002842    6.447453    4.064673   2
   -2.338747   -8.325066    7.525065   2
    9.767615    0.916113   -6.035418   1
    1.270676   -4.003056   -8.067494   1
    6.575054   -3.893574   -4.530954   1
   -2.721161    3.008153    0.769351   2
    2.046436    2.992017    4.927891   2
   -2.066201   -2.926496   -0.663884   1
   -2.228917   -6.052408    4.746930   2
    1.935567   -2.608283   -4.024416   1
    7.106461   -3.249817   -0.185176   1
    5.623439    7.854127    1.936385   2
   -2.268203   -1.677398   -6.620438   1
   -5.713064    4.031873   -4.266487   2
   -4.159828   -3.052420    5.112435   2
   -2.117521  -10.726362    4.817867   2
    7.988255    4.334043   -7.663750   1
    5.427677    0.008929    0.506697   1
   -4.860838   -1.343763   -9.115246   1
    1.318740    6.352531    3.754955   2
    4.139250   -4.951591   -1.811277   1
   -4.840585    5.881556   -6.357191   1
   10.957002   -0.921405   -2.773279   1
   -1.818181   -8.095687    1.679372   2
    3.392001   -5.748440   -5.241176   1
    1.947940    5.650369    8.259210   2
   -8.564483    4.800304    8.286123   2
    4.621538   -8.443406   -2.093209   1
   -4.726861    0.549889    4.743231   2
   -9.647221    6.101713    5.140262   2
    3.250590    5.727750   -4.637446   1
    9.823333    3.663865   -4.714295   1
   -2.369326   -4.554832   -8.352817   1
   -5.734204    3.788198    6.421336   2
    6.135405  -11.647875   -2.710169   1
   -6.009741    2.246802    1.851089   2
    1.520484   -1.308383    8.842267   2
    4.239654   -0.165296   10.423897   2
   -7.527425   -2.222187    9.051726   2
   -5.167298   -6.927835    2.755496   2
    9.352222   -5.675747    1.120748   1
   -4.355943   -1.167216   10.304863   2
   -4.590453    8.821028    3.570498   2
