   -3.860269   -8.846611   -1.186450	1
   -3.148907   -3.436002    2.206792	1
   -1.186874    3.756305   -0.328733	1
   -5.531155    2.183015   -0.769612	1
   -2.792455   -0.673592   -4.244175	1
    0.011011   -1.473363   -2.549201	1
    5.659208   -2.835750   -4.654204	1
    3.028633   -0.782778   -3.156227	1
    6.175175    4.019982   -2.397890	1
    2.950270   -7.332331   -1.849630	1
    5.787733    2.890063   -5.797414	1
    6.304328    6.046747    0.930529	1
    7.954177   -0.724452    0.244642	1
    1.121215    3.703840    1.961148	1
   -4.532297   -3.735371   -4.535401	1
   -1.821021    7.428955   -5.675667	1
   -3.214118   -2.309630    5.391920	1
    2.229566   -3.099638   -5.662863	1
    2.562817   -2.872363    3.498350	1
   -0.930927    0.603625    6.348794	1
   -1.354298    4.434430   -8.082375	1
   -1.829619   -6.087795    3.893471	1
    0.015985   -3.735733    5.943190	1
    4.997544    2.015901    6.166452	1
    5.967611   -5.704542   -2.157244	1
    2.172465   -0.553588   -8.816242	1
    1.241403   -1.587559    8.799003	1
   -7.010704    4.782961    1.283108	1
   -0.624940   -1.404269    3.714523	1
    3.488060   -4.774842    0.683214	1
   -6.774546    0.936751    5.997866	1	
    3.405975    2.352564   -3.321840	1
   -2.476887   -6.288822   -3.360030	1
    4.149813    6.879895   -1.753754	1
   -8.068435    0.698851   -3.096399	1
    2.947427   -4.091525   -2.712760	1
    1.622915    6.819903    0.742975	1
   -4.136738    0.013152    7.899145	1
   -8.982123    2.677122   -0.439244	1
    0.174679   -4.792959   -1.444974	1
   -3.343584    8.794603    0.015099	1
    1.722282    2.612121    4.951406	1
    0.095050    1.817538   -3.423194	1
   -5.971662   -3.439128    0.531093	1
   -0.989234   -1.500922    0.456758	1
   -1.998699    2.107919   -5.812351	1
   -4.151473    5.489590   -0.446995	1
   -3.749548    0.847086    4.379383	1
   -6.188791   -1.020752   -5.595944	1
    4.682561   -0.835835    8.375506	1
    8.454448   -3.011000   -2.433608	1
   -1.202932    1.303553    2.000577	1
    5.151754   -1.606616    1.889815	1
   -4.581624    1.421599   -7.716601	1
    5.365236   -4.725211    3.811565	1
   -2.431066    0.940086   -1.389948	1
   -6.678917    4.641268   -2.735958	1
    3.811762    5.264857    3.338789	1
    2.163738    1.790574    8.330436	1
   -6.799364    1.615963    2.539312	1
   -1.037437   -3.517057   -4.720892	1
   -0.122637    4.814094   -4.775627	1
   -1.061373    0.784774   -8.774484	1
    3.306938    5.002481    6.836977	1
    2.210456   -1.943144   -0.008766	1
    0.724761    6.123089    4.550523	1
   -7.679901   -3.033158   -2.750085	1
   -6.202297   -1.671049    3.619338	1
    3.843986    3.872542    0.113767	1
   -1.182890    6.835550   -1.834728	1
   -0.345232   -8.414235   -1.876463	1
   -4.370433    7.290542   -3.324941	1
    1.729135    2.610188   -6.610642	1
   -4.296881    4.809892   -6.028549	1
    8.181167   -2.622869    3.523918	1
   -1.162416    1.205001    9.592078	1
    1.375735    7.856830   -3.844813	1
   -2.938785   -3.264151   -1.492304	1
    0.325731   -0.464741   -5.863353	1
   -3.011876   -1.820295   -7.295630	1
    4.572003    0.731247   -0.405264	1
    4.107059   -0.052267   -6.118036	1
    2.159592   -0.561975    5.796938	1
   -5.067351    1.854720   -4.193231	1
    5.272877   -1.181553    5.023127	1
   -3.817019    3.282299    1.882411	1
   -7.773336   -0.601591    0.187295	1
   -2.252709   -6.168699    0.265528	1
    0.009740   -3.223311   -8.181929	1
   -2.883617    4.010835   -3.088688	1
    1.062805   -7.375252    1.097930	1
    0.162398   -4.233568    1.887825	1
    6.950676   -3.476671    6.855566	1
    6.980453    4.179463    3.997351	1
   -1.611580    6.143855    1.958979	1
    3.493798    5.305820   -4.824649	1
   -4.840147    6.968867    2.680799	1
   -4.187315   -0.367069    1.198223	1
    6.492687    0.370901   -3.176963	1
   -1.979807   -2.366893    8.594916	1
   -2.754276    6.351320    5.521017	1
    7.096317   -4.425630    0.798157	1
   -5.460581    4.088868    4.653667	1
   -3.432458    3.162818    7.222509	1
    4.275394   -5.988156   -5.313617	1
   -5.346253   -4.933893    4.404384	1
    1.261176    1.310722   -0.539816	1
    3.415994   -3.764345    6.727015	1
    4.515620   -3.214474   -8.059000	1
    1.975682    0.227052    2.464814	1
    7.672699    0.757861    3.549734	1
   -6.068737   -2.737718    7.123337	1
   -3.159989   -5.284926    7.107519	1
    7.200209    2.671148    0.650793	1
    0.830640   -6.310928   -4.647778	1
   -5.216813   -0.986888   -2.051707	1
    1.483915    4.699422   -1.946874	1
    2.124115   -6.156067    4.131916	1
   -6.722804    7.715171   -0.607793	1
    5.359463   -2.410773   -1.296547	1
   -2.439993   -5.572122   -6.916184	1
    1.383150    6.514415   -7.309888	1
   -5.208495   -6.775406    1.578069	1
   -5.459348   -5.753780   -1.821708	1
   -1.538659    3.496249    4.351400	1
    4.925495   -7.571792    1.363887	1
    4.580685    1.925381    2.842023	1
   -0.181284    4.185494    7.453194	1
