    8.696459    1.181801    4.158871   1
    1.780580   10.427996   -0.134969   1
   -1.844973    0.434974  -14.762241   2
   -9.456985    4.601889    2.975293   1
   -2.331169   -8.525764   -6.649746   2
   10.452889   -7.298604   -2.276864   2
    3.217091    3.393705    4.549303   1
   11.275665   -0.864763   -7.225435   2
    2.799726    9.864905   -5.780107   1
    0.639688    0.617367    0.426922   1
    2.375177  -10.936350   -4.661959   2
   -9.865967   -0.511644    6.514333   1
    0.000353  -13.607656    0.669320   2
   -4.652847    3.988530    6.578149   1
   -4.436027    7.883782    0.830026   1
    4.706570    3.136283    1.309407   1
   -8.720477   -7.711399    1.739096   2
   11.106384   -5.270719    2.690312   2
   -6.433936   -7.578003   -5.022477   2
   12.085617   -4.285055   -4.871502   2
   -4.761991   -2.797780  -11.064224   2
   -8.809173   -1.501625   -1.066984   2
   -2.578594   -6.674581   -8.374169   2
   -2.750637    0.736437    4.064931   1
   -7.073929   -7.414753   -4.583719   2
    6.583378   11.615707    1.134002   1
  -10.279488    4.854708   -3.852307   1
   -0.337826    6.371921   -5.040375   1
   -1.121464    8.807562    2.813196   1
   -1.877102   -4.912947    8.584047   1
   -1.443726   -1.567968    6.514375   1
    3.897343    1.503762   13.217623   1
  -11.064148    6.362843    1.806816   1
   -1.805116    5.341550   -0.069888   1
    8.305541   -8.273637   -5.125478   2
    1.653386   -8.601751  -12.255592   2
    8.201837    2.711560    8.046708   1
   -6.768552  -10.376510    1.922582   2
   -8.771923   -7.170803   -1.835014   2
    3.463743    7.612215    9.745875   1
   -4.129850    9.433745    5.109327   1
   -6.171471   -0.756665   -7.426817   2
    5.180101    4.231163   -7.000662   2
    0.644659   -6.132132    5.027635   1
   -6.383983    7.655032   -4.056620   1
    6.860806   -2.602554    6.146144   1
    3.545867  -10.811416    1.436754   2
   -0.009595  -12.333580   -1.807017   2
   -6.134383    0.938533    8.521065   1
    8.033326   -8.242065   -1.967273   2
   -8.566147   -6.122223    3.661079   1
   -7.736560   -4.736583    0.154187   2
   -2.761235   11.433008   -5.948105   1
   -0.326766   10.713959   -3.180428   1
   -3.483761   -5.095047   -4.832934   2
   -0.812085   -1.819381    1.621296   1
    6.681858    4.708835    5.393685   1
   -3.203564    3.409379   -4.096693   1
   12.527210    2.071335    5.599313   1
    3.461868    7.588621   -5.746178   2
   -0.829983   -1.664002  -12.094811   2
    6.026642    8.661087    4.932498   1
    5.057120   -5.441602    3.402558   2
   -9.364503   -4.147629   -3.474769   2
    2.358566  -11.417698    4.724597   2
    4.862882  -10.220402   -1.865425   2
   11.885774   -1.749936    1.261142   2
    6.651558    8.343233   -6.087208   1
   -4.937186    5.568972   -7.470514   2
    2.889481   -1.558026  -14.327417   2
   -0.692228    8.552668   11.157566   1
   -0.542400   -0.085360   10.948965   1
   -4.311843   -7.797171   -2.178274   2
    1.964162   -3.860559   -4.045334   2
    3.110850    0.311957   -4.876443   2
    5.128223   -2.341536    9.761534   1
   -3.131416   -7.330564    6.163642   1
   -5.257123   -7.085378    2.053546   2
    0.268361    2.736100   -0.919009   2
   12.644996    3.757419    1.965824   1
   -3.983644    4.351006  -11.588001   2
  -10.192514   -1.771892   -6.207191   2
   -0.796201  -12.722070   -5.989411   2
   -1.991493    5.096404    3.603397   1
    8.207483    4.581115   -5.191986   2
    4.954187   -6.188351  -12.140464   2
    2.257812    2.465339   -8.030597   2
    3.602033   -3.200477   13.084814   1
   -7.938030    3.761248   -7.871657   2
    2.046476   -3.153721   -4.795012   2
   11.773295    1.102992   -5.321188   2
    7.814137    6.719603    6.333429   1
    8.874214    7.830783    1.130115   1
    8.809127    4.364325   -9.312788   2
   -2.945391    8.375292   -2.568663   1
   -0.760325    1.922357    6.932975   1
   10.144109    5.718059    4.273778   1
   -2.639479    0.097310   10.733551   1
   -7.648606   -0.589131    4.533111   1
    2.121115   -4.014804    1.372677   2
   -5.154734   -3.978484   -7.732608   2
   -1.609322  -10.472513    5.203008   2
   -0.625820   -7.913666   -2.694101   2
   -5.007683    6.621155    1.343668   1
   -1.151198    7.795272    6.935560   1
  -10.494190    1.555613    3.112559   1
    7.130583    3.844813    8.784130   1
    5.175955    4.111287   -3.378609   2
    4.479085    8.437175   -1.975989   1
    4.943701   -8.147437   -8.213013   2
   -5.395581    7.516309    7.976980   1
   -4.888571    6.718325   -3.335035   1
   -1.747367   -9.182640    9.646262   1
   -5.715610  -10.771297   -4.227578   2
   -9.414719   -3.577178    7.440153   1
   -9.864527   -5.328730   -7.207453   2
   -5.960293   -5.584164   -7.725704   2
  -11.332104   -2.028867    1.907888   1
    1.772058    9.888604  -10.279429   2
    9.408691   -1.929709  -10.254220   2
    3.603109    0.535806    6.853315   1
    5.553491    3.606145  -10.946639   2
   -7.455332    4.103966    3.960950   1
    1.572316    9.914638    7.847984   1
   -4.209204   12.172393    0.027387   1
  -11.465055    2.282177   -0.432652   1
    4.332782    5.153796   -2.518318   1
    8.892767   -2.536262   -3.667378   2
   -8.356836    7.923309    6.062153   1
    2.517904   -3.004164    5.249769   1
   -4.922876   -5.358551    5.922973   1
  -10.082419  -10.787938   -0.561919   2
   -2.694680   -2.640685   -8.009466   2
   -1.242310   -0.459168   -5.409582   2
  -10.711590    3.430417   -0.488711   1
   -7.959746    8.662218    1.143648   1
   -6.814062    0.085558   -0.248306   1
   -9.163841    6.358696   -3.450008   1
    5.406539    6.945207    9.031418   1
   -8.765886    7.235707   -1.002833   1
    3.978700    8.805216   -3.133138   1
    3.523780    2.130798   -9.479105   2
    3.536747    8.855680    2.668040   1
   -5.635377    9.350739   -8.368510   2
    1.378822    1.349377   10.016493   1
   -0.900151    2.244503   13.287897   1
   -3.325421  -10.237407   -8.232996   2
   -1.705620   -5.044289   -5.159565   2
    7.166317   -6.704090   -6.318281   2
    1.233595   -8.831544    7.699394   1
    3.289469    0.121921   10.373657   1
    0.990417   -1.921437   -8.434668   2
    6.387674   -0.204493   -2.405143   2
    4.170900  -10.920638   -0.568933   2
    4.785325   -1.076494    1.232245   2
   -0.061803    5.370372    9.634140   1
    9.404110    5.346616    1.280054   1
   -4.992950   -3.079713    7.152584   1
   -1.571485   10.083684    1.281731   1
    1.129836    0.422104    3.644737   1
    4.496913   -1.164342   -7.836925   2
    8.868693   -9.732865    5.841308   2
    5.874206   -3.584966   -3.481582   2
    1.909779   -3.743991    8.994286   1
   10.929800   -0.900569    4.354644   1
   -7.366239    5.047148   -0.387897   1
   -8.536869    4.357960    8.821735   1
   10.674068    1.549665   -4.173206   2
   -4.567718    5.198217   -5.541339   2
  -10.147251    1.166698    2.309200   1
   10.551023    6.316535   -2.153078   1
    0.756026    5.276900   -4.729775   1
    9.139549   -2.218790    8.967965   1
   11.747308    0.731734   -1.874215   2
    0.679304   -5.687531   -8.203399   2
    2.190715    5.362282    3.354775   1
   -1.836496   -4.218455    2.574438   1
   -4.149056   -8.550553    1.881151   2
    8.794313    3.865693   -5.297817   2
    8.816979   -4.779055    7.115835   1
    7.779048   -6.899881    1.205393   2
   -0.762155   -2.790749   11.721235   1
   -7.032261   -3.959751   -2.011157   2
    0.923071  -10.021974    5.031383   2
   -6.824347   -6.484579    7.636106   1
    8.037472    6.370381   -2.951341   1
    3.118173    0.590100  -10.898457   2
    7.822440    0.234231   -6.435677   2
   -8.753153    0.730293   -3.871565   2
    3.313807   -0.433353    2.583694   1
   -1.163941    6.955229    3.080709   1
    6.242834   -4.580171   -7.286292   2
   -0.751553    1.074641   -9.414435   2
   -3.110746    2.529845   -6.930694   2
    9.008522   -5.801569    2.702849   2
   -1.996371    4.274955    7.267920   1
    5.015856   -5.509023    7.066081   1
   -0.046625   -6.695130    2.485584   2
   -4.024164   -8.222349   -2.117910   2
   -3.545732    1.376775    0.638537   2
    1.868417   -4.298603  -12.033796   2
   -2.916684   -4.635893   -0.626369   2
   -0.104196   -0.930816   -3.398573   2
    2.946126   -5.225156    4.768761   1
    7.353445  -10.790769    2.694691   2
    6.451676   -1.916818    2.923129   1
   -0.030938    7.200435    6.671568   1
    6.342514    5.299428    3.411017   1
   -9.046502   -3.647524    1.366267   2
    6.956318    0.120871   -5.060391   2
   -3.774017    0.806661  -11.336364   2
    6.757453    8.955319    1.046095   1
    2.241706    6.613304    6.195857   1
   -2.309548    0.054112    6.531917   1
   -1.180858    4.818160   -8.723239   2
   -2.123771    3.993292   -8.110532   2
   -6.887979    0.652146   -7.808804   2
    8.719064   -4.715415   -1.597353   2
   -3.340249  -11.820913    1.671041   2
    7.145558   -1.352697    6.653854   1
    3.661524   -6.322648   -8.756170   2
   -5.819536  -10.242078    5.790621   2
    3.439728   -2.692142   -7.781832   2
    4.758850   -7.633328   -3.724991   2
    4.951534   -9.221405    5.893930   2
   -1.994569    2.745568    4.021859   1
    8.309179    0.780464    0.487458   1
    0.883118    2.106597    6.532037   1
    1.103239    3.184519  -12.203974   2
   -0.694708   -7.526563    4.990885   1
   -2.768121   -0.730228    1.827543   1
   -0.640733   -8.407049   -4.674808   2
   -5.092870    0.865446   -4.440654   2
   -5.635548   -3.323437    3.664393   1
    2.617240    3.649250    0.248246   1
    1.360890   -2.498777    8.864465   1
    7.634080   -0.597720   10.098116   1
   -0.176771   -3.205248    2.107559   2
    4.216113   -6.552190    3.855795   2
    4.366925    5.621204   -9.176142   2
    1.968884    7.090388   -0.504529   1
   -0.323547   -2.430790   -7.532407   2
    3.532518    2.884345   -2.663808   2
   -2.990611   -0.386754   -9.020709   2
   -5.179541   -1.689836   -4.067054   2
    0.569180    6.287765   -8.208253   2
    7.797272   -2.862046    1.799690   2
    5.374092   -3.367336    8.953209   1
    2.358722   -0.243360   -0.429407   2
   -2.155310   -4.142103    4.005826   1
    9.916135   -0.983599   -0.885796   2
   -8.382670   -2.989399   -5.194872   2
   -5.511953   -1.889522    0.248538   1
    1.039818   -9.178122   -0.392040   2
   -1.642707    8.427022   -7.892332   1
   -1.911005   -3.029901   -1.186527   2
   -3.938630    6.984467    6.280103   1
   -5.754169   -0.185802    3.719162   1
    7.348910    2.359683   -2.297297   2
   -6.791560    4.097072   -4.200189   1
   -0.749638   -6.369755   -1.719429   2
    7.973791    4.008899   -1.174575   2
   -1.213761    4.096235    0.561724   1
    2.062541    5.763205   -2.113449   2
    7.652504   -3.142120   -6.564215   2
   -2.583979    2.601344   -2.578089   2
    0.132043    4.148883   -4.381845   2
   -1.874499   -1.228062   -1.809648   1
    1.285808   -9.951898   -8.220686   2
   -4.194338    2.626362   -0.765342   1
   -2.978773   -3.039595    8.169178   1
    4.674540    3.468073   -5.995276   2
    5.767644    2.077909    1.123896   1
    6.837705   -4.496875   -9.795836   2
    5.936937   -7.019360    0.815921   2
   -2.764557  -11.403692   -4.550462   2
    3.622704   -0.609834   -3.885354   2
    2.244506    1.781180   -1.619239   1
    1.825064    0.355843   -6.829195   2
   -2.069560    0.573595  -12.272783   2
    1.388642   11.010323    4.135577   1
    2.727733   -5.907929   -1.161617   2
    4.215018   -6.047100  -12.370199   2
    8.299117    1.843318   -8.399596   2
   -6.441189    6.587526    3.835023   1
   -1.469784    6.645841   -1.932561   1
    3.300731   -3.561352    1.606010   2
   -6.429228   -1.265010    7.843741   1
   -1.592060   -5.790748  -10.932321   2
    8.430033    1.583473    3.500451   1
   -7.894810    2.325527    5.194448   1
    5.049339   -2.618463  -11.179021   2
    0.262022   -1.861668    4.411129   1
    1.803257   -9.280163   -7.489803   2
    4.218724    4.911415    6.297799   1
    2.775708    3.674606    9.183488   1
   -5.603133    3.315361    2.591790   1
   -0.086414   -5.688937    8.091997   1
    0.654108   -5.854935   -6.897737   2
   -5.698167    4.043857    7.898194   1
   -1.675224    1.046371   -6.070376   2
   -4.884704   -1.184901   -0.176612   2
    3.620411   -1.896821    6.000160   1
    5.366487    1.610218    5.673172   1
    5.942019   -0.570539   -0.850201   2
   -0.491070    3.212318   10.046166   1
