    2.691871    6.886345    5.782365   1
    5.531089    1.077093    5.500505   1
    2.446181    3.904413    0.892552   1
    4.798980    1.667559   -8.465604   1
   -7.198777   -0.244880    4.326074   1
   -4.477904   -3.579147    5.228087   1
    1.066484    0.984058   -5.793171   1
   -0.941426   -5.743586   -1.279165   1
   -6.981406    3.703946    2.953159   1
   -3.054706   -1.208489    8.954090   1
   -0.810102   -2.249457    5.810921   1
   -3.171867   -7.984172    2.205992   1
    1.705846    5.811590   -4.535362   1
   -0.459418    1.031094   -1.369758   1
   -0.185305   -5.357093   -6.702482   1
   -2.113652    6.765664   -5.956212   1
   -1.852320    1.826330    6.172498   1
    3.469313    6.622872    2.767366   1
    3.603855   -5.379865    6.707171   1
   -3.692025   -6.240636    5.213413   1
   -5.414457   -5.888498   -2.536138   1
   -7.823504    2.699049   -2.441770   1
    1.533002   -4.567657   -1.253467   1
    8.479385    0.155689   -4.871061   1
    0.043956   -4.911644    5.921003   1
    0.514911    5.098385    0.386173   1
    3.465743   -7.567357    1.972917   1
   -6.045504   -0.620691   -4.722322   1
   -3.937327    0.420675    2.678846   1
    1.667712   -3.054997    2.584661   1
    6.766040    3.777405    2.268832   1
   -1.384512   -7.770530    4.366734   1
    1.479162    0.881478    5.382115   1
    2.193437   -0.510819   -8.351245   1
   -0.660427    8.645782   -3.960091   1
   -7.570922   -2.667114   -2.389846   1
    1.178561    3.318750   -7.013964   1
   -2.038792   -4.298591    7.744048   1
    5.132910   -4.916835   -5.343047   1
   -7.159586   -4.612520    2.090262   1
   -0.805420    2.922390    2.602974   1
   -7.330220    6.402770   -1.594503   1
   -4.695758    5.025811    6.500375   1
   -2.550213    7.319509   -3.313171   1
   -2.879260    5.047605    2.466222   1
   -1.384915    9.111292   -1.750022   1
   -5.405889   -2.153248   -7.047608   1
   -4.054165    0.294118    6.016036   1
    0.181545   -1.353009   -0.406638   1
   -2.473589    4.052688   -1.597352   1
    4.401248   -5.636722    4.468884   1
    6.231331   -3.700759    6.139125   1
   -6.958593    3.020077   -0.336045   1
   -7.824749   -1.390134    2.307918   1
    6.431917    4.053603   -0.754350   1
    2.632724    2.694575    8.805048   1
    1.446052   -5.487043   -3.680514   1
   -3.767658   -3.236205   -5.862418   1
    5.964299    7.407521   -1.240651   1
   -4.325581    5.441070   -3.633883   1
    0.953448   -8.259854   -1.890757   1
    2.212512    9.040819    1.582071   1
   -2.082400    0.920310    0.232896   1
    2.423497    3.006147   -1.596180   1
    0.753566   -2.145700   -6.215862   1
   -6.113299    7.118258    0.722250   1
   -5.511087   -3.389125    0.443782   1
   -1.775244   -5.141955    1.663742   1
   -2.771527    0.369099   -8.778756   1
    5.667783    0.872959   -1.289286   1
   -6.539260   -1.032878   -0.371933   1
    1.312664   -3.132589    8.898498   1
    4.648817   -8.067665   -2.971125   1
   -1.095715    2.716783    8.719087   1
   -4.966915    3.242913   -4.986524   1
    2.831191    3.497001    5.539337   1
   -2.177623    3.928038   -5.049539   1
    2.579184    0.196922   -2.988985   1
   -6.006851    2.695556    5.333337   1
    7.068048   -3.634102    2.876287   1
   -0.962956   -3.312613    2.873428   1
   -3.700598   -2.140978    2.441280   1
    1.522211    8.483725    3.828738   1
    5.262415    0.561787    1.686788   1
   -3.883936   -7.682973   -1.725067   1
   -3.415467    3.207567    8.818341   1
    0.085164   -8.443658    2.122916   1
    5.601178   -1.154169    4.917463   1
   -1.428742   -1.971560   -8.884326   1
    6.841611   -3.358259   -5.722740   1
    4.563028   -2.802396    3.169568   1
   -1.753855   -0.913903   -6.815460   1
    0.510359   -3.438940   -8.919013   1
    5.098116    5.443859   -4.680503   1
    2.588439    8.241072   -3.407602   1
    8.592272   -2.721551   -0.545233   1
    1.829442    8.716952   -0.947359   1
   -1.361245   -1.180594   -3.774590   1
   -5.208143   -6.936666    0.324705   1
    0.106025    4.647342    4.982966   1
    7.607741   -1.528008    1.926799   1
    9.035255    3.655094   -0.585372   1
    1.016949    6.348790    2.973877   1
    9.073832    0.389646    0.961640   1
   -3.305696    8.579954    2.369642   1
   -3.190864   -7.607074   -4.000208   1
    0.473845    2.228985   -9.510347   1
    5.017990    7.096548    4.727497   1
   -1.535785   -4.416502   -8.588301   1
   -4.953774   -6.197082    3.127658   1
   -9.121590    0.536951    0.136352   1
    2.263989   -0.442536    8.588948   1
    2.248418    0.494287   -0.005985   1
    6.741111   -5.545271   -2.585576   1
   -3.108743   -1.782941   -1.037100   1
   -7.368607   -5.323265   -0.536737   1
   -0.257484    6.233932    7.348626   1
    4.992085    2.907442   -3.151253   1
   -3.332968    3.142436   -7.825167   1
    3.376006   -2.536306    7.560476   1
   -1.382524    0.660648    9.831592   1
   -0.496711    8.012446    1.273181   1
    4.498481   -4.063572   -1.299196   1
   -4.310248   -0.631908   -3.243799   1
    5.579002   -0.229852   -5.384313   1
   -0.173301   -1.027117    8.697693   1
   -9.068146    3.163042    1.529241   1
   -8.891949    0.754623   -4.327153   1
    7.879893    4.674367   -3.473787   1
   -1.034831   -1.076859    1.668235   1
    6.891323   -5.594062    0.083562   1
   -7.060353   -1.981210    6.102009   1
    1.737493   -6.530490    4.151049   1
    1.475605   -6.428804    7.353675   1
    1.900480   -5.733633    0.795163   1
   -0.138119    5.276328   -2.942018   1
    4.600109   -2.274382   -3.219860   1
   -5.320735    4.712003   -0.171524   1
    3.852611   -1.996017   -7.095976   1
    7.876223    1.235867   -2.277904   1
   -1.778463    1.619865   -4.970692   1
    5.835170    3.439289   -6.328255   1
    0.664593    3.189739   -4.009894   1
    6.400117    3.857310    4.920127   1
    0.559624    6.429935   -7.291849   1
   -3.650281    6.773932   -0.640916   1
    4.805839    6.084654    0.555902   1
    6.330285   -6.911799    3.100650   1
   -1.756039   -7.852520   -5.854105   1
   -2.880484   -3.854741   -3.432034   1
    1.267087   -6.980983   -5.427816   1
    4.023421    0.908172    7.830962   1
    3.032385    4.828092   -6.621718   1
   -7.474843   -3.073882   -5.402414   1
    6.576790   -1.803637   -1.393046   1
   -0.437858   -3.561983   -0.210285   1
   -4.053617    0.880294    8.669760   1
   -0.014470   -9.614904   -0.300125   1
    7.635020    1.879249    3.615654   1
    8.704882   -2.846654   -3.333067   1
    1.011846   -1.663216   -2.753802   1
    6.366675   -0.680521    7.222216   1
    2.643923   -0.902956    3.129297   1
   -0.934256   -8.534921   -3.689948   1
    3.291363    6.374097   -2.002794   1
    5.353763   -8.204004   -0.609801   1
    2.552495   -5.846241   -7.650617   1
   -2.008610    5.351299   -7.887743   1
   -6.704510   -4.695376    4.470530   1
   -0.273334    7.694510    5.463541   1
    5.158319    4.278903    6.791649   1
   -5.048816    2.894102   -2.539542   1
   -4.841695   -6.199137   -4.990448   1
   -4.868225    2.450372    1.078788   1
    0.817940    3.831351    7.438729   1
    2.254897    1.646806    2.379870   1
    3.424928    2.342216   -6.021634   1
   -3.190107   -5.768385   -6.999314   1
   -2.315739    4.087379    5.714042   1
   -8.221424   -2.734761    0.000039   1
   -1.072594    6.639930   -1.030139   1
    4.295957   -4.292880   -7.674015   1
    3.200439   -3.032284    0.711288   1
   -4.057550    7.084901    4.833521   1
   -4.375452    5.165840   -7.154423   1
   -5.260754    7.379626   -2.551497   1
   -6.088554    1.860484   -7.259613   1
    8.236338   -0.342266    5.261499   1
   -6.536362    6.850653    3.123066   1
    4.634312    2.390337    0.261469   1
    1.603444   -2.705525    5.809982   1
    6.364698    6.695360    2.618177   1
    3.430235   -0.663723    5.579607   1
   -4.900345    0.921808   -1.214764   1
   -5.817961   -3.858405   -3.813060   1
   -9.093094    1.605215    3.812793   1
   -4.091178    9.015945   -1.105864   1
   -6.607181    0.774883    1.854908   1
    4.886335    2.669575    3.149136   1
    3.267491   -6.628540   -1.255291   1
    4.939286    8.232006    1.313263   1
   -6.390513   -2.543614    3.747692   1
    3.048170    3.165799   -8.413643   1
    3.109132   -2.206318   -1.438233   1
   -0.456687   -0.286202    4.684777   1
   -1.891142    3.582423    0.586972   1
   -5.730050    2.587219    7.701542   1
   -4.692140   -2.347938    7.832514   1
   -7.407386    0.263803   -2.315585   1
    5.628525   -3.470215    0.780246   1
   -0.306969   -4.029505   -4.484426   1
    2.424212   -8.903197    0.234212   1
   -4.188885    0.315800   -6.844517   1
    0.859807    1.429931    9.687114   1
   -8.678624    4.749742   -0.359110   1
    7.076020    6.210977    0.382415   1
   -3.565062    2.481580    3.765299   1
   -1.329099   -3.274797   -6.447850   1
   -6.626368    5.003561   -4.684154   1
    4.106181    8.847845   -0.853314   1
    4.303291   -5.558655    1.266394   1
   -0.977594   -6.891992    6.837958   1
   -0.139675   -0.440472   -9.986534   1
    9.273803    2.915914    1.863534   1
   -1.114261    2.858819   -7.131927   1
   -1.487583   -5.267161    4.163570   1
   -9.321646   -0.909970   -1.697891   1
    8.753949   -4.292155    1.456218   1
   -2.111735   -8.746079    0.293620   1
    1.157995    8.118316   -5.253879   1
   -2.944939    1.739597   -2.627277   1
   -5.022311    4.927487    3.619757   1
   -1.998723   -0.222242    7.180667   1
   -4.644395   -3.700247   -1.675466   1
    3.493924   -6.623060   -4.932979   1
    1.712524    3.786414    3.544288   1
    3.217645   -3.677403   -4.829729   1
   -6.735139    1.491040   -4.173886   1
    7.398005   -1.189918   -6.491243   1
   -7.554148    3.086071   -5.753657   1
    0.405253    2.665663    0.637610   1
   -3.171391   -5.606532   -0.669648   1
   -1.199893    6.869800    3.365651   1
    8.678595   -2.285909    3.902450   1
   -3.735771   -1.828048   -8.637285   1
   -5.810689   -4.535670   -6.505071   1
    8.258955    2.420361   -4.216048   1
    0.856822   -8.624811    4.590431   1
    2.831132    5.220386    7.633704   1
    7.071810    1.464882   -6.897588   1
    5.113772    7.427148   -3.441763   1
    9.566913   -0.786667   -2.770803   1
   -8.851293   -3.216649    3.233936   1
   -2.593352   -1.380066    4.484574   1
    2.835152    2.366598   -3.799681   1
   -1.866339   -5.710338   -4.898787   1
