    0.574543    5.446687    4.932053   1
    6.058029    1.945304    6.730762   1
   -0.589198    2.500382    3.398791   1
    3.457130    3.648793   -5.954539   1
   -7.585154    1.736204    2.830819   1
   -4.578898   -2.162993    4.927209   1
   -0.850395   -1.237717   -7.130599   1
    0.415138   -5.819817    2.854560   1
   -6.256917    4.900330    2.411851   1
   -3.547866    1.593728    3.992715   1
    0.617361   -4.673486    6.058636   1
   -0.964255   -6.291560   -0.311231   1
    2.464518    6.788118   -5.426443   1
    4.958209   -1.548945   -1.650572   1
    0.072551   -0.667301   -4.852156   1
   -0.384216    5.230661   -2.794685   1
   -0.396388    0.866552    7.540398   1
   -3.073177    5.115493    3.127522   1
    2.994209   -2.648131    5.197727   1
   -6.011405   -1.292018   -5.116042   1
   -3.873633    6.976217    1.030915   1
    5.386240   -1.172784   -4.404241   1
    2.408097   -6.243763    0.225574   1
   -4.972101    1.903463   -5.597825   1
   -3.105700   -4.852125    2.486833   1
    0.965707   -6.195331   -2.943591   1
    6.569624    4.693091    2.213293   1
   -1.204137   -0.422964    5.509036   1
    0.222151    4.595156   -6.573417   1
    2.101757    7.333208   -2.103482   1
   -5.499323   -4.203512   -3.284054   1
   -1.625946   -2.135738    6.766434   1
    2.298349   -1.447056   -5.999955   1
   -5.166026   -4.618850    2.700740   1
   -5.749456   -2.747692    1.050391   1
   -6.577381    6.333353   -0.797207   1
   -2.210024    3.556934    6.479470   1
   -5.650583    3.648087   -1.421446   1
   -0.100029   -4.914303    0.574291   1
   -2.882369    2.605999    0.456392   1
    5.023839   -1.318403    6.858906   1
    6.110424    3.492958    3.739529   1
    2.961002    1.172172    7.723660   1
    1.305554    1.503041   -7.402885   1
   -4.019537   -0.515995   -7.698934   1
    4.432295    6.200991    0.027995   1
   -3.593078    6.579997   -2.463914   1
    0.128249   -3.829962   -5.092943   1
    4.117957    6.791345    3.320117   1
   -0.317080    0.235227    0.677145   1
   -2.296644   -4.584084    4.487881   1
   -1.870157    2.049521   -6.986772   1
    8.353069    2.813767    4.245129   1
    1.638959   -1.940765    7.896244   1
    3.279767   -3.777639   -3.806080   1
   -3.299607    3.780694   -4.061358   1
    1.034737    3.937205    7.458248   1
    2.171680   -1.936466    0.648004   1
    0.096818    2.879124   -5.546917   1
    2.612756    3.256016    3.004383   1
    6.340637   -1.831651    1.356233   1
   -8.275109   -2.151769   -2.771954   1
    4.166811    4.236639    8.440149   1
   -6.625937    0.561247   -0.152042   1
   -2.811793   -7.036749    2.382959   1
    3.089660    1.170486   -5.090424   1
    5.801240    2.187442   -4.155583   1
    3.776859    4.387932    6.120491   1
   -3.405220   -0.638301   -0.947154   1
   -4.229731   -5.635982   -0.390674   1
   -6.785698    0.271354    5.774589   1
   -7.714579   -0.162889    0.048185   1
    7.379149    1.460105    1.395520   1
   -5.783554    4.134547   -3.255730   1
   -1.022461    7.310212    2.699008   1
    4.712096    4.290194    0.488144   1
   -0.969965    1.660234   -2.404269   1
   -3.117086   -2.113409   -4.197678   1
   -0.574566    6.557152   -3.953301   1
    4.458302    0.872846    5.306492   1
    2.740668   -4.388703   -1.480943   1
    3.124628    6.798017    2.678729   1
    1.894938    7.936963    1.123343   1
   -3.095959    4.836648   -5.402567   1
    4.071589    0.954645    0.803109   1
    2.808279    4.444564   -3.766261   1
   -6.154514   -2.354546   -2.326183   1
    6.341246    3.510651   -0.974466   1
   -7.178405    3.030017   -0.311736   1
   -2.860522    0.834049   -6.086120   1
    2.852838    6.567071    6.393305   1
    5.045008    2.034068   -2.382142   1
    2.367755    6.627330   -0.956740   1
    4.309107    5.066137   -3.072583   1
    5.130078   -1.765132    2.744011   1
   -0.638414    6.572546    5.928531   1
   -0.356364   -2.361060   -1.831398   1
   -3.233129   -3.206073   -5.749869   1
    1.527507    3.140108   -0.492921   1
    5.601578   -3.405983   -1.542974   1
   -5.818869    3.049290    2.017800   1
    6.867202   -0.189747    4.303837   1
    1.325975    2.062694    6.370065   1
    4.723015    0.768395   -7.231672   1
    1.777788    0.012479    3.539805   1
   -3.696971    0.551415    7.101419   1
   -2.308875   -5.130018   -3.235270   1
   -0.920694    7.472736   -0.697633   1
    0.115034   -3.094401    3.458415   1
    5.841146    4.980505    5.478316   1
    3.051860   -4.766411    2.261302   1
    2.058232    0.119026   -2.071546   1
   -5.584216    3.406346    5.306226   1
   -7.201204    1.080679   -3.100394   1
   -5.250996    0.799099   -3.532609   1
   -6.681966   -3.393863   -0.083246   1
    6.124441   -3.473659    4.365218   1
    6.448565    0.077181   -1.503187   1
   -6.176701   -0.186498    3.437406   1
   -2.877861    5.926261   -0.527703   1
    0.014111    5.597010    1.546245   1
   -2.909549   -1.363877    2.512671   1
    1.462806    8.836575    4.380556   1
   -3.263593   -4.169683   -1.234779   1
    3.502552   -5.659744    4.408485   1
   -3.546090    5.828782    4.233755   1
    5.493680   -5.099191    1.491458   1
   -7.379605   -1.902417    2.991965   1
