   -9.514206  -19.176300   -2.962900   5
  -18.211215  -10.655620   -6.104623   5
  -17.742651    5.060033    5.175296  11
  -11.132895   17.737544    6.281942  11
  -14.253775    4.864337  -15.452607  10
   11.932231  -12.821506   -9.650262   8
   15.397297  -10.948433    1.557079   8
   12.430256   12.939225   -0.550421   6
   11.438571   17.412143  -11.553632   6
    9.039880  -21.736464   -6.850456   8
   17.588373   -3.593616  -11.633088   8
   18.470904    4.613485   -0.113921   6
   17.920597    4.877508    3.532131   6
   -7.990131    0.842310   -1.503837   5
  -12.586046   -4.554880  -10.301219   4
    2.253054   11.139130  -16.697592   2
  -10.387294  -20.853043    6.081192   5
   -9.517996   -9.207205  -17.563856   4
    7.826525   -5.446706   17.218508   3
   -9.182058  -17.830450   12.465023   5
   14.508773    7.863126   -4.649682   6
   -5.984534  -18.112680   -1.558799   5
   -9.659483  -15.034608    4.411398   5
   -2.034226    7.348841    7.062309   7
    7.139900  -20.754248   -4.032010   8
    2.642688    2.083518  -24.820854   4
   -5.719067  -17.890829   13.311433   9
  -18.161353   -4.062171    4.273686   5
    0.591027   -4.539363   23.828543   3
   10.024241  -18.932774   -4.892172   8
  -19.068803    6.704848   15.448493   7
    0.040101   -1.709253   -6.513141   8
  -19.298296   -7.184741   -5.137737   5
   10.021741   20.036481   -9.389730   6
  -18.408665    2.181922    0.054986   5
    7.301095  -20.117024  -13.493373   8
    3.714501   22.176598   -3.641671   6
  -13.026831   -3.517525   14.656739   7
  -17.536154    4.998304   11.305598  11
   -4.939198  -18.582371   -7.634875   4
   -8.014494   18.364647  -11.244631   2
    8.679718   -1.261235   21.272498   1
    9.509686   -4.634136    2.463791   8
  -19.145446    0.035973   -2.938654   5
   -9.625850  -12.318420   -9.579685   5
    1.607553    8.484738  -21.447891   2
   -9.739930   10.721242   -1.376195  11
   11.646791   -8.185724   15.106180   3
   -3.679832    9.692949  -17.553194   2
   14.251948    3.054328    7.729625   1
   19.144475   -2.264580    0.466107   8
    8.817802   -2.715055   15.538761   1
    6.541970  -11.410654   16.511856   3
   -9.560309    4.285236  -19.082371  10
   11.505807  -18.164930    3.624297   9
  -12.309874   -1.588875   -3.998157   5
  -15.646041    3.513448  -12.448893  10
   13.479931   15.334783    4.357237   1
    3.408384   10.862926   22.222130   1
  -18.536727    2.049661    7.220611  11
   -1.204946  -10.830978   -7.934313   4
   -4.430235   14.249793  -21.495875   2
   -4.229236    3.388050  -26.259572   4
    7.545178   15.819809   10.852248   1
   11.952143   -0.281731   -4.809699   8
   -4.957616   18.560488    4.481999  11
  -12.042961   -3.394311   -7.165338   5
  -14.116579   -0.420668   13.865775   7
   13.071688   17.587895   12.400723   1
   -9.841088   20.512471   -8.199748   2
    3.927856  -21.870050   -3.465744   8
  -13.392978   15.940781   -8.227308  10
   12.893956   -9.606723  -16.853722   8
  -14.504834    6.915084  -12.790835  10
   18.176307    5.404479   13.532956   1
    4.050541  -20.054828   13.943611   9
    7.616064    0.025715   -1.594914   6
  -16.896358   -4.917069   -5.522853   5
  -11.912795   -6.557342  -17.352802   4
   -8.238610   -1.981783  -24.755301   4
   18.479169    3.741844   -3.508260   6
   -4.742248  -10.177253  -19.919876   4
   13.640777  -15.394660    8.800225   9
    5.238485   -3.764901  -13.755209   4
   17.109257    1.426914    9.095834   1
  -10.387979    5.626016   15.894259   7
  -16.435719   10.561747    5.080732  11
    9.557743  -20.706177   11.207049   9
  -14.552768   -9.805282  -11.956764   4
  -11.271163   14.980050   -3.056731  10
    8.873180  -13.501803   -0.200846   8
   -5.548467  -20.612756    1.119010   5
   11.759010  -14.993027   11.762150   9
   13.054714   14.163105   17.212611   1
   -5.650079   18.492692   10.891430  11
    4.416565   21.325727    1.640335   6
  -14.194367   15.691743    5.510418  11
  -18.830008    2.085017    3.613822   5
   14.831371   -2.048819   -5.541526   8
   -3.563167   -2.485411   20.620452   3
   -7.350178   17.866683    1.889759  11
   17.409233   -1.623370   11.298486   1
  -14.628661    2.517543   19.382680   7
   -8.202062   -7.074873   20.689060   3
   11.542150  -11.851038  -14.368465   8
   -9.666382  -12.814640   12.289322   3
   -4.227960    8.530423   -0.964002  11
    4.961102  -21.830935    6.466685   9
   13.700171   -2.351008  -12.107445   8
   11.737738   -3.457532   13.605035   1
   15.287923    7.637856   12.456631   1
   -5.477570   -4.754422   23.200136   3
   -8.751272  -18.184494    4.578589   5
   16.861881    7.497157    1.231123   6
   -0.244958  -21.391077   -3.374469   8
  -16.237095    4.797523   -0.763291   5
   -7.579218   14.487997   -6.340351  10
   -8.088072  -21.303681    3.436008   5
  -10.570663   17.966601    2.944760  11
   18.524884   -4.420350    3.920876   8
   -7.933838  -16.565009  -12.533271   4
    9.440025   17.566273  -14.558808   6
  -11.270283  -19.935607    2.731023   5
  -16.981435  -17.182944    1.866159   5
  -11.731237    8.139432   21.375148   7
   14.579915  -10.007302    7.219052   9
    7.250516   21.000188   11.383636   1
    0.068108    5.088293   21.356984   1
  -17.191483   -1.430594   -9.146995  10
   -8.837843   -2.542805  -19.063786   4
   13.623942    7.228542   18.405366   1
  -14.229807   -8.348316    0.714500   5
   18.565469    0.482226   -1.995834   6
   12.963407  -11.530290   -3.918473   8
   -4.645893   22.001870  -12.328947   2
  -18.576969    8.749374    3.217924  11
   -2.801572  -16.946810   -2.050536   5
    3.480581   10.903539  -23.318809   2
   14.226226    0.403213  -13.958902   8
   17.716839   -1.066420    3.670137   8
  -18.598384   -0.841832    9.303194   7
  -15.662085    7.794270   -6.760586  10
   -9.143403   -9.638237  -11.624572   4
   16.263335   17.284058   -2.914362   6
   -8.950187   19.659359   -4.872457   2
   20.893950   -8.639716   -9.655246   8
    2.733818   18.521819   10.074141   1
  -17.920971   -4.499433    0.789564   5
   -5.769369   15.831303   13.372352  11
   -2.055159  -15.812673  -11.751138   4
   -6.674115   21.390701   -6.838003   2
  -16.869596    2.760830   -3.532696   5
   -6.387931   11.507305  -22.300860   2
   16.686839    9.759837   -6.088229   6
   -3.424335  -13.041979   -6.100734   5
  -10.438283  -13.052704   -2.073465   5
   11.649758   -5.330476    8.682441   9
   12.275255  -17.140885  -12.338470   8
   16.981491   -9.884323    4.346386   8
    2.395457   -4.030029  -15.281932   4
   13.871331  -12.321707   10.830544   9
   -2.221653   20.916164   -2.125522   6
  -19.421600    5.204067    8.485231  11
  -19.328285   -1.380284    2.369138   5
    6.080785   18.492831    9.678721   1
  -12.330881   19.044064   -6.323751  10
    5.433690  -18.990536   -1.465631   8
   14.309207  -15.552621   -9.993590   8
    0.449561   14.153774  -12.630462   2
  -18.693127    5.335732    1.838560  11
   16.098027   12.151611    5.213473   6
   -6.647669  -21.288879   -2.328760   5
   -1.797233   22.169318  -14.404486   2
  -15.152481  -15.472257   -3.874046   5
  -14.891521   13.186543    0.388910  11
    5.661090  -10.870701  -14.222178   4
   15.194336    2.725383    4.508819   6
   13.439589   18.684227   -1.152493   6
  -16.844512    2.179516   -9.555476  10
  -17.950609   14.961819   11.593810  11
   -6.531662   16.325773   16.792897  11
   17.970994   -5.349593    0.518373   8
   18.885377    8.031073  -11.781658   6
  -13.534926   19.719639   -9.344493  10
  -15.159807   -6.338504  -11.967492   4
   16.244460   -0.733625    0.168677   8
   -9.926888  -12.479731  -16.312485   4
   -5.559130  -11.313290   -4.296834   5
   11.392517   21.851945   -1.310973   6
   -9.384556    7.223131  -17.464828  10
    8.182302   21.472312   -2.950441   6
   -6.776492  -11.764510  -17.727648   4
   -4.948193   18.639839  -13.173113   2
   -4.074500   22.353780   -8.902518   2
   11.232847  -11.254549    4.752953   9
   13.582140    5.433237   10.415465   1
    5.937062    9.786352  -20.959388   2
   10.189784   -9.851665   -9.229247   8
    5.854931    5.949138   16.415805   1
    4.186045  -16.042428   -2.480427   8
  -20.281132   -3.798701   -4.356504   5
  -11.779836   -7.426895  -11.683240   4
  -11.113632   -1.277356  -15.148177   4
   14.686001    9.555927    3.323071   6
    7.201772  -18.689226   -6.878121   8
  -14.616846   13.630604   -2.948663  10
  -15.119582    4.327608   -6.189869  10
  -16.923766    0.062780  -12.393064  10
   16.989284   -3.470646   -7.941276   8
    0.092762   18.433586   -1.851575   6
  -16.132437  -11.958031    4.625500   5
   -0.656270  -18.012954   -4.505342   8
    1.744720  -18.453321  -17.192529   4
   -8.579644   -1.347653  -12.543590   4
   10.772201    9.096678   19.062508   1
   10.859704    2.700996   16.377544   1
  -10.621115  -15.533271  -10.415374   4
   13.051877    4.329379  -11.556425   6
    8.199132  -14.130968   17.747082   3
   -2.903094   14.073161   12.433455   7
   11.466392    9.620475    7.493603   1
   -9.113839    1.377854   -7.370399  10
   14.504686  -12.650302    4.618468   8
    4.165912   21.478052    9.129582   1
  -13.985533   12.363937   -8.402566  10
    6.334824    9.874328   11.948326   1
    2.464335   -3.012856    1.429615   5
    6.506109  -21.818346   -0.206937   9
   -6.250767   16.494502   -1.042013  11
   16.240013   -0.022065   15.814603   1
   -7.521261    4.280728   14.949037   7
   -5.032851  -17.392468    7.172309   9
    8.113759  -19.117441    1.718422   9
   -8.926626   15.241177   14.285857  11
    4.056176   -1.084706  -24.930451   4
  -13.672443    0.888814  -11.770451  10
  -12.601768   -4.669999  -13.947446   4
  -15.243663   -2.944557  -11.847895   4
   -9.853445   -9.261005   17.853580   3
   -1.929824   18.414283   -4.795602   2
    0.845631  -12.326003   -5.677710   8
   -4.513222    8.348062   -4.534120  10
    6.063992   17.999609   13.116354   1
   -9.347109   -4.219146   15.496960   3
   12.441449    9.446131  -13.471371   6
  -16.320798   14.689860   -9.622352  10
  -14.196938   -8.393046   11.714346   5
   -2.092954   19.903648  -11.453545   2
  -16.141799   15.896791    2.288138  11
   15.080838  -10.252886  -13.578237   8
   11.562401   -8.339422    6.792250   9
   15.617532    5.959418   -1.872650   6
    9.112300   -4.453570   10.952074   3
   -0.300934   18.694565   12.099320   1
   17.820191   -1.699029    7.493308   1
   -9.745365  -14.892461   -7.268791   5
    2.997520    8.656880   24.769625   1
  -12.391446    2.490442   14.049709   7
   -7.565273   17.945051   -7.455040   2
    4.391106    7.474258  -23.096154   2
  -16.546089   -3.057488   14.031076   7
    4.228497    1.003183   22.883907   1
   -3.262263   17.982527   13.557329   1
  -10.010954   16.716905   -0.348629  11
  -12.071905  -19.140307   -0.543403   5
   -9.082624   -2.033700   -2.760437   5
    4.268579  -18.816406   -8.709455   8
   -8.250681   19.757284    5.104555  11
  -12.602273    4.734064  -21.071170  10
    6.464675  -14.106735  -11.877974   8
   -4.440562  -14.690087  -17.412109   4
    4.870173    4.056176  -23.029119   4
   -5.236480  -15.178605   15.415126   3
   10.339328   -1.251682  -23.345489   4
    0.582922    6.034352    9.439184   1
    4.973845   11.484392   -9.792581   6
   10.764835   -1.649363   18.244445   1
   12.185136  -12.466193    7.739683   9
    7.603784   17.835880    6.263060   1
  -16.032865    0.722206    2.367011   5
    4.376433  -18.788100   -5.112840   8
    7.378013  -10.211648   10.502630   9
   11.413771   13.918074  -10.204637   6
   -2.068722   10.607305    1.309429   6
    1.895227  -20.830258   -6.144841   8
   -0.943371   -5.289730  -10.910203   4
   -0.117423   17.963871    8.693057   1
    9.700158   -4.515188   19.910301   1
    9.104233   -1.515159   12.369307   1
   13.110582   -2.514538    0.137408   8
   15.325891    4.234040    1.392953   6
  -15.267115    3.122655   12.748395   7
   -8.279986   13.771114   -0.939721  11
   16.853007   -6.834778    6.409596   8
   -2.433752    4.816933   19.044131   7
  -15.127879  -14.399758   13.501873   5
   -0.311291  -19.258965   -0.683036   8
   13.601442   -5.922734    5.819748   9
   11.312663    9.138822  -18.960055   6
   -6.761073   -7.921418  -19.210072   4
   15.790908   -4.164539  -17.290542   8
    2.925760   11.792915   -2.069195   6
   -4.003400    1.453829   19.475135   7
    0.131058  -12.723567   23.130682   3
  -14.598686   -0.031566  -17.714687  10
    1.488622    5.325792  -23.842402   4
   12.441533   -2.875849    3.665304   9
    4.396916   21.425533  -11.676834   2
  -15.299936   -0.473838    7.790576   7
  -11.905213   -1.910478  -12.088846   4
    5.309427   20.222868   -1.465245   6
   14.344948   -9.323528   -1.788306   8
  -11.718597  -15.370586   13.215142   5
    9.627496    5.806686  -19.004000   6
  -12.517947  -12.799284  -11.636634   4
   -1.181128   23.036196  -10.931728   2
    8.936421   15.145342  -12.082091   6
   17.752655   10.129514    7.806291   1
    3.205890   -2.160825    5.017532   3
    9.327222   -6.973634  -21.564812   4
   10.199571    2.532865  -22.321097   4
    6.648318   22.649240   -5.798079   6
    7.950776   -5.320133  -14.610160   4
    7.084104   20.288440    3.901862   6
    3.037862    3.850498   20.740039   1
  -11.517851   -6.348025   16.836362   3
   -7.812796   -6.567649   17.343426   3
    2.824841   11.519338  -20.046075   2
  -13.628005   16.383460   -0.825405  11
  -11.600070   -6.095869   13.265719   3
   11.538873   11.873752  -16.204634   6
   -5.134195    0.111463   22.462722   7
    8.093439  -17.799120    9.953743   9
    4.561316   -8.108998  -22.631577   4
    7.169106   20.955313    7.509764   1
   -2.230013    5.540407  -24.239414   4
   -5.095968   -8.123569   22.081315   3
  -15.727578    0.939240   -6.547600   5
   10.855998   12.048650   -7.432653   6
   -7.120952  -12.829017   -1.602211   5
  -15.753157   -0.619230   -3.445452   5
    4.175343   21.562164    5.287200   1
  -13.054942   -7.144108   -2.691065   5
   13.313751    0.684274   17.772601   1
   13.572547    3.626079  -14.861904   6
   -7.920355   16.386965    4.897684  11
   -5.067055    7.223877   18.814471   7
   10.403692   12.016963  -12.952827   6
   13.357769   -2.566770  -15.560598   8
    6.111897  -10.859789    1.307625   9
    2.686845   -2.658006   18.640575   1
   11.868961    8.226247    4.440323   1
   14.416637   -7.204118    9.285009   9
   -2.149660   12.933044   20.798597   1
  -11.581217   13.471842   -0.325573  11
   11.904623   -6.404743   11.838170   3
   18.991751    1.410383   -9.486664   6
  -13.838467   -1.276220   -9.256762   4
   10.958950    5.341143    3.161244   1
  -17.463024    8.025076   -0.080243  11
  -13.023508    1.701803  -14.994548  10
   -0.385625   -3.700235   20.582381   3
   17.475454    8.232729    4.752665   6
   11.516148   -8.486311  -14.109255   8
   -6.214233   -3.675926   -3.468321   5
  -16.945086   10.847152   -8.432252  10
  -12.544211   -9.072946   14.863692   3
   -1.940601   13.015395    5.635323  11
   11.053476  -15.255612  -15.283209   8
   13.975745   -9.031932   12.615241   9
   -9.758894    5.011042  -23.127248  10
  -16.395906    6.935799   -3.444687  10
   -1.092366   14.571507  -22.160923   2
   11.621004   -6.087994  -19.177385   4
   -4.956821   19.816401    0.148524   6
   -1.631046  -12.014638   17.479539   3
   -6.459803   -1.308806   19.473553   7
  -14.859169    5.387701   -9.697489  10
  -12.941036    0.077382    1.517666   5
   12.523282   -2.521002    6.950344   9
   17.407085   10.985075    2.044601   6
    7.149719    6.091491  -11.651188   6
   -2.455748   -3.116220   23.696095   3
    5.976755  -10.419803    7.388069   9
   -7.064307    1.417306  -14.018855  10
  -15.552798   10.180300   -1.989965  10
  -11.416320   18.372823   -2.987924  10
   -1.504496   12.155310  -16.432540   2
    5.558919   -9.764303   13.424003   3
   13.016615   -5.978058  -16.035595   8
    1.491064    9.158001   -3.535361   6
   11.933906    6.969160   12.940285   1
   -9.628167   -4.186183  -15.919675   4
    9.342731   -5.793011   14.153736   3
   -7.885033   15.364512   -9.715033   2
  -11.225986   -1.527484  -22.102752   4
    1.671848   -7.201988  -24.337046   4
   -9.339185    4.329671   21.946235   7
    5.515987   11.512026  -17.999157   2
    3.584839   -1.887498    8.582591   3
   16.717934   -1.734817  -14.598631   8
  -10.114360   -7.374878  -14.536524   4
   -1.830210  -17.831724    7.782975   9
   16.149975    6.840211   15.898341   1
   -3.170132   -3.542059  -13.220993   4
  -11.956355   -2.877046   17.733425   7
   13.745715   -2.478876   16.249506   1
  -13.552083   -0.451097    4.887141   5
  -10.727251    1.781217  -20.982610  10
   15.047610  -14.361058   -7.093090   8
  -13.228679    8.147042   -4.040617  10
    3.868290    0.537875   -1.851670   8
    1.658325   -1.527201   22.075010   1
  -15.912898   14.216822   -6.241237  10
  -15.717025   -1.781162   10.869132   7
   -8.955241   -3.718961   18.984991   7
  -13.375155    4.132429   16.717911   7
  -14.654956   12.280554  -14.208546  10
   -4.920711   16.466683   -4.619173   2
    4.362241    0.353861  -10.553975   8
    7.268312    8.489985  -17.829012   2
   -0.519134    3.060639  -26.171726   4
   -3.794564  -17.339626  -14.494848   4
   -9.365611   -1.024909   21.584001   7
   -4.078539    5.864975  -21.242488  10
   -0.347257  -22.457164    0.228939   9
  -15.810864   -4.646737  -15.008111   4
   -1.243228   13.962021    2.481313   6
   16.927661    1.707076   12.860763   1
   -2.310083   -6.677213   24.377042   3
    2.152481  -13.276058   -2.351499   8
    1.873994  -10.587730  -23.092165   4
   -0.420618   11.127597   18.204594   1
  -10.321823   -0.306162    3.649507   5
   -1.556594  -20.400178   -6.713463   8
    2.286613    2.730038    4.243819   1
   12.931685  -17.214698   -6.372461   8
   -6.744589   -0.337633   -4.744501   5
   -4.007728  -14.191739    2.949994   5
    0.708351    4.458832   17.766116   1
    8.891340    1.140706    6.640048   1
  -17.272277   -7.188665   12.584559   5
    2.646235    0.696280   19.760265   1
   15.101923   -0.444405  -17.643246   8
    3.027030   -0.389586  -19.398753   4
   11.346314    1.656332  -13.064164   8
  -18.911055   13.652678    8.354580  11
  -10.233663  -18.470448   -6.558930   5
    7.864079    7.610079   18.320171   1
    2.951837   -7.149298   24.062881   3
   12.024155   -9.581811    9.850020   9
   18.229040   -6.308541   -9.524650   8
    1.749869  -15.377649    9.847781   9
   15.216770   -4.751552  -13.769690   8
   -8.041015    9.477221  -19.548744  10
   -9.116480    4.711080  -12.809411  10
   16.464576    2.326743  -15.970764   6
    9.041594   13.185006   22.799533   1
    5.819751  -19.926451   17.068856   9
   -5.237063  -15.050055   -0.074385   5
   13.530504    6.998406    1.417107   6
    0.800193    2.580826   -2.444460   6
    6.524538   -1.404597   10.282564   1
   -3.266325    4.596607    1.658650   7
   -8.770632   -0.657417    6.953601   7
   17.494313    1.759734    1.799606   6
  -10.974687    1.725108    5.993854   7
    2.660443  -17.774685    0.279419   9
   -1.551721   -2.560179  -23.790487   4
   -5.023241   -0.851715   -1.727922   5
   16.142744   -3.495261   -1.901145   8
   17.808511    5.411886  -14.051795   6
   12.096022    0.600846  -16.669425   4
    0.790580    6.749273   12.729192   1
  -11.553503    3.364076   -6.042116  10
   -5.243735   -2.055505  -22.520825   4
  -14.599361  -11.220990    9.774183   5
    3.533464    6.822550   -4.519812   6
   11.237238   -0.452107   15.064447   1
    5.553960   -6.630649   15.017810   3
  -15.851272    1.787605   15.906538   7
    8.266210    0.510203   16.811403   1
  -19.238634   -4.264339   -7.790519   5
    3.789861    0.126905    2.167365   8
   16.346335   16.510673   10.957510   1
   -5.662032    4.574276   20.871330   7
  -13.806607    5.050633    5.426709  11
  -13.071219  -19.894578    7.890198   5
   -9.710020   -0.315447   18.336518   7
   -2.126871   16.945717  -19.854884   2
   -2.790918   -5.886969   21.213654   3
   -5.628155   -1.704541  -18.989639   4
   -5.557755   19.615411   -3.601057   2
   -0.917331    1.976200    1.102763   7
   -0.176416   -2.453921   -9.558692   4
  -12.106772  -10.048238   -9.764813   5
    1.922100    7.623939  -15.446982   2
   -0.876727    5.346125  -15.599859   2
   -0.427087  -17.188679    1.707357   5
   10.221568  -18.874277   -8.329238   8
  -19.245428    8.139495    6.564536  11
   -2.692572    0.488544  -25.000874   4
   12.843220    6.308776    7.280804   1
  -10.479090    6.543340   10.413746   7
   15.539892   -3.243119    5.173019   9
    6.971502   -7.982382    2.939668   9
    0.925053    2.014863   22.870107   1
  -10.850273    7.484778   -1.645439  11
  -12.813656   10.362613   -0.275354  11
   -8.058214   -0.641346  -21.652458   4
   -0.164075   -3.911760   -4.133308   8
    6.246062    2.832869   15.061833   1
   -1.090169    9.954751   -1.818765   6
    0.007344  -10.992444   20.111060   3
   -3.682410  -17.613718    1.192390   5
    6.487813    3.547714  -14.124082   6
  -13.514242    4.965379   -3.167466  10
   -8.208334  -13.712709   -4.574245   5
   -8.929075    9.988511   22.591397   7
   -0.396755   13.987880    8.576532   1
    5.911825  -13.731683  -20.030672   4
    4.068012   18.835464   -9.308132   2
   16.140161    2.860613  -12.452388   6
    0.722209   -0.341273    3.197651   5
   -8.704916   16.728100   11.303142  11
  -12.851438  -12.953068   -8.068559   5
   -3.382970  -16.527193   -5.621414   5
   16.339226  -17.402964   -7.769773   8
  -12.950663   15.345843  -14.508250  10
   -4.722895  -12.116535  -15.003465   4
   -4.145008  -19.495965   -4.298419   5
   -5.546529   -6.246845   -0.966188   5
    0.327299   -2.703630  -20.767069   4
   11.196620   16.005019   -1.835654   6
   -7.150097   17.964250  -15.688419   2
   -4.096799   12.470306    2.955429  11
   -1.455715   19.404453    1.014114   6
  -12.240117  -17.742668   10.535002   5
    9.080908  -19.368270   -1.592964   8
  -12.050644   12.051770    9.753941  11
  -18.010479   -4.311033   10.817788   5
   -8.211252   19.376555   -1.364191   2
  -16.918522    4.720534   17.507473   7
    3.297154   -6.710710   -6.586113   8
    5.828396   19.464991   -4.815489   6
  -16.434849    2.023653  -15.372777  10
    3.464368   15.011408  -12.888823   2
   14.374708   11.799316    8.122703   1
    9.916317   -9.234687  -18.781972   4
   -2.074184   19.554540    6.276721   1
   -8.230217   16.530522   -3.633911   2
   11.597301    3.151017   22.382204   1
   -5.716016   11.449555    0.126025  11
  -15.297625   10.966232   -5.289097  10
   -7.511921    6.920179   -2.941617  10
    9.511970  -10.744973    1.756853   9
   -5.577937    5.587353   12.176607   7
   14.451083   13.525050   -8.770133   6
    4.800774  -11.115741   -2.118296   8
   14.256056  -12.893307  -16.005711   8
   14.603475    6.062478    4.398490   6
  -17.608592   14.509991    5.179449  11
   -7.171273  -14.412065  -15.292350   4
   -6.665239  -12.284027   14.189357   3
   -3.055132    3.022553   -7.437727   4
   13.667123  -15.433181    2.261658   8
   16.756324   -0.111281   -7.648643   8
    3.120182  -13.571923  -21.739314   4
    4.938201   16.785889  -20.314435   2
    6.919343   -9.028082  -20.178322   4
  -10.627563    8.582710   18.192324   7
  -13.559810    2.394568   -8.776643  10
  -11.085025    7.197250    5.361298  11
   -5.212348    5.133189   -5.812504  10
    9.981162   -7.089693  -16.323021   4
    2.157340  -18.922813   -2.906158   8
   -6.120604    5.566921  -23.912661   4
    3.737629   20.040669  -15.203312   2
   -6.221214  -15.068548   -6.886018   5
    3.997171   18.167547  -12.482371   2
  -12.459701    4.128932  -12.501915  10
   -2.983056   -0.362818   -8.152516   4
   -2.139359  -20.206337    2.382564   9
    3.321996   11.719043  -13.009727   2
   -7.852220    3.357392   -4.470334  10
   15.656352   -3.485301    1.918686   8
  -11.356541   -0.571466  -18.572061   4
    8.186490   15.117112   13.907590   1
  -11.463336  -10.410065  -13.948395   4
   11.958360    0.141982  -20.383293   4
    9.738606    2.275427  -18.798415   4
   -4.619079    3.204070   14.141000   7
    0.556347    3.808685  -18.672876   4
   -8.429706    7.087608   20.329604   7
   -1.743400  -14.758588   15.545423   3
   -7.698068    4.754982    9.594706   7
    5.743312   13.311384  -20.942892   2
   -2.325760    0.228659    9.402484   3
    6.091465    1.175741    4.558047   1
   -7.776248    7.153050  -14.617328  10
   -2.626758    6.400831  -18.354299   2
   -9.830510  -20.287387    9.809239   5
   11.797962   14.896144  -14.109663   6
   -9.473702   -4.459446    1.839115   5
   -0.521483    8.582719  -24.130723   2
   -4.739085   17.157909    7.688200  11
    2.030771  -12.395379   11.538557   9
    8.440478    1.676772   22.969114   1
  -14.293011   -7.524808   -9.043503   5
   10.101312    1.541111   19.570265   1
   -9.787518  -11.013941   14.922237   3
    7.415311  -13.629411   -6.189363   8
   12.654716    4.424812   -0.548364   6
    4.844306    0.010052   17.260071   1
   16.648453   -3.285968   14.400821   1
   -2.684063   19.947748    9.777303   1
   -1.547074   -0.205345   21.947567   3
    3.491946  -15.840670    6.975336   9
   -2.049779   -0.510743  -11.640394   4
    9.376969    2.008677    3.409736   1
   14.046535   12.747553    2.231536   6
   -2.982962   11.476345  -23.321303   2
   -1.394330   20.591114   -7.908227   2
   10.327247   -5.030593    5.646936   9
  -17.594152   10.562846    8.195988  11
    0.723790    6.983457  -18.400556   2
    5.039641   -1.654323   20.889914   1
  -12.793634    0.658790   17.007107   7
    7.047902  -10.676842   -4.556348   8
    9.499024   -2.592955   -3.245150   8
    6.661180   14.989678  -17.850196   2
    3.275909  -12.616788  -11.500985   4
   -7.653805   -9.630578    3.060991   5
    8.261047    0.964324  -15.565939   4
    2.678472    4.986177   23.980817   1
   13.822753  -13.995604   14.372614   9
   18.107446    4.024490   -6.982639   6
    2.440420   -1.507411   15.373311   1
    5.191601  -14.089960  -15.437672   4
    2.553975   17.374901   13.385337   1
   -9.576973   -3.083834   -9.376843   4
    4.823698  -19.669341    2.192550   9
    1.282028   20.044175    2.995887   6
   -3.283340   17.620343   -1.754074   2
   -2.208431    1.685021   12.840354   7
  -10.311897    6.146972   -4.763455  10
   -1.608640  -19.226634  -11.904470   4
    5.528215   13.584185   22.067527   1
    0.481605   -0.533540  -26.035965   4
    0.759527   21.367726   10.393592   1
   15.053152   -0.088286    6.388200   1
    0.683460   18.005867   -7.402484   2
   -6.812956    9.859208  -16.437440  10
  -12.233465    0.091288   -6.782322   5
   -4.755500   -2.304734    2.812162   5
   16.180276    6.067499  -10.931798   6
   -7.914680   -2.500526    3.756622   5
   -0.067490   -9.120387    1.002263   5
   -1.500649   -2.120252   -1.727729   5
   -4.738698   -9.185973  -16.676718   4
    1.555937   -6.645225    5.744455   9
  -10.863862   14.551225    5.189733  11
    4.432344  -21.334057  -10.985680   8
    9.365536   -3.334536  -20.582300   4
    8.687657   -2.605324   -8.699229   8
    2.976610   -3.551763   -5.772810   8
    2.531045   14.156398  -22.116270   2
   -0.786797   12.611175   15.001708   7
    2.905012   18.383757    0.259372   6
   -7.084465  -14.318766   -9.989337   4
   18.398980  -14.558679   -6.184672   8
   10.943721   -4.876057   -0.834200   8
   -0.570472    5.539452  -21.266341   2
   -4.940357   -5.980444   -5.510545   5
   -8.011906    8.594296  -23.083005  10
    3.463133  -19.045303    5.158050   9
    1.211911    0.967286   -8.111596   8
   -3.780490   11.073332   14.273179   7
   13.901867    1.350622   -6.923236   6
    0.279811   11.198993    3.843465   6
   13.516737    7.784839  -10.668141   6
    3.679792   16.688962  -16.115499   2
   13.337382    1.126449  -10.386178   8
    6.798567   17.238415   -7.837488   6
    1.875931    9.695972   -9.495015   6
    6.997310   -4.995707    4.779242   9
  -10.568463    3.647808   -2.332511   5
   -1.388318  -10.929924  -14.793545   4
    7.245337  -13.685844    2.735668   9
    1.803165   -6.424858   -3.726506   8
   -7.782713   -9.902659   12.003954   3
    7.648724  -16.433321   -0.586664   9
   -9.994575    0.895382   -4.275443   5
    6.437885    0.583742  -18.424360   4
  -17.832764  -12.045283    7.927809   5
    8.668802   13.980602  -15.368588   6
   -4.539627   -2.423726  -25.812697   4
   -3.202986  -20.456864   -1.215587   5
    4.709645  -10.962631   19.483835   3
    6.437213   18.406780  -17.098061   2
   -5.169107   -1.921553    8.581573   3
   10.520574  -14.263687    2.660744   9
  -15.078030    1.543917   -0.839917   5
  -10.645445    0.157823   -9.848236   4
    0.750306   15.617182   11.122615   1
  -10.361852    1.513277  -12.905238  10
   14.326769   -1.109125   13.010660   1
   12.049087  -15.249210    5.586263   9
   -1.305927   -3.885317   10.438764   3
   -9.847331    3.880071   12.570630   7
    0.061306  -16.022566   21.612891   3
   -5.067932  -14.668246  -12.632812   4
   12.673750   -2.811189  -18.917543   4
   14.685468   -0.904372    9.599802   1
    3.667480    8.627011  -18.684347   2
    9.964566   16.651799   -8.556219   6
    4.679497    9.406365  -15.363682   2
   -3.254546   -1.227330   -4.624337   6
   11.943022    0.483730    8.372360   1
    1.583929   21.278442   -0.892149   6
    9.424661    7.107161    6.588297   1
    1.458718   14.113456  -15.722173   2
   -9.167962   12.716887   -4.079462  10
    8.858851    1.125622   10.081116   1
    6.856308   19.882306  -13.859975   2
  -15.157338  -17.569662   -1.013930   5
  -14.017770    7.239224   -0.314329  11
    0.673079   -6.208192    2.297277   9
   10.105562  -11.569403   -6.559129   8
   -1.769909  -10.623713   -4.229682   8
   13.693642   -9.046586    4.079796   8
  -10.850286   -4.732936   -4.228989   5
  -14.691178   -4.854326   11.889999   5
   -5.614546   -0.746234    5.543860   3
   -7.781028   20.731273  -13.707795   2
   -1.525439   17.225966    3.665339  11
    6.143336  -10.730760  -10.911690   8
  -15.871113   -8.394820   -5.393864   5
    5.325590   -4.489700   10.303623   3
   14.515632   -0.272454    2.968587   6
   14.585288    9.071449    6.469970   6
  -10.279599   18.037932  -14.078401   2
    0.166488    3.470281   14.212334   1
    1.277242   -9.420965    4.149619   9
   -0.922302   -2.897258    1.511368   5
  -14.269388  -16.781922    7.745210   5
    0.728443   -5.926660   18.539224   7
   -2.727182    3.163459   22.260656   7
    9.364499    4.112024  -12.754397   6
    0.677322   -0.511796   -3.495558   8
    3.663534   20.529705   12.642308   1
   -7.307071  -19.887190    7.266987   5
    1.311581   20.650240    7.066208   1
   -1.922022   -9.704427   22.551974   3
   -0.847003  -15.141343   -6.960400   8
  -18.994721   -6.527017    8.085549   5
   -2.699443  -11.649850  -17.918455   4
    3.597162   17.190245   -6.403680   6
    6.269783   16.222823   -4.801978   6
   -2.354116   17.573764   -9.083905   2
   -2.365415    8.853898   16.570069   7
    1.861327   16.560314   16.663445   1
    5.690917  -17.826146  -11.730794   8
   13.405815  -18.857226   -9.449965   8
   -7.423812    4.021439   -1.410260   5
    0.478375  -16.202236   -1.728500   8
    3.581792    6.864345    7.979327   1
   -8.238365  -12.647412   17.474157   3
    8.572993  -16.541515    3.867314   9
  -16.841877    7.592802    9.200886  11
   -4.049655   17.563927  -16.919560   2
   -8.010727    0.840406   14.134962   7
  -17.557407   -7.384170   -8.246261   5
   -2.266482    2.131838   16.601600   7
    3.942376    9.647866    6.075255   1
   -5.878513   -4.710011   19.878228   3
    6.959791    7.138139  -14.785763   6
   -3.287220   21.861007   -5.287207   2
   13.528269    1.176786    0.073938   6
   14.227417    2.160307   10.968162   1
   -6.192439   12.665897   -8.696412   2
   -1.855666    8.612713  -21.008991   2
  -10.323510  -11.573444   -6.236590   5
   -5.324048  -15.028126   -3.464499   5
    4.246185   12.842641    6.995582   1
   13.259147   17.335128    9.026992   1
   12.351039    6.313510  -16.887137   6
    4.220487   18.595722    6.921976   1
    2.052999   15.347633   -1.170885   6
   -1.724714   -5.915072    6.152535   3
  -10.854242    4.398785  -15.756990  10
   -5.347858  -19.379280    4.318724   5
   -2.861007  -11.778708    8.416204   9
   19.432232   -4.702526   -2.656203   8
    2.470184  -18.830407  -12.330568   8
   -6.204662  -15.911543    4.533557   5
    0.617750   20.404103  -16.409996   2
   -9.633709   -4.595526  -12.524901   4
  -10.393595   -7.732412  -20.811431   4
    8.551070    7.663064    3.379247   1
   -8.741898  -15.022215   14.932600   3
   -8.878641   17.168238  -18.557991   2
    0.312578   17.138136  -17.432785   2
  -11.006065   -9.313960   11.706970   5
   -6.740618   -0.011714    1.536564   5
   11.974140   -2.562979   10.426881   1
  -17.518982   -9.258525    9.820348   5
   -4.807247    2.096818   -3.850277   6
   -2.113779    6.639619   -6.473437   6
   -8.971877   13.441834   10.871216  11
  -15.617172   -6.553524    9.129442   5
   -2.225878   14.806277   -3.249252   2
    4.391424  -17.059799   15.803889   9
    0.998973  -20.150494   -9.514823   8
  -10.784073   11.455528   19.794787   7
    8.275602   15.752928    0.396105   6
   -6.915932  -14.944386   12.045558   3
   -4.891836  -17.751407  -11.022637   4
   -1.807920   16.130239    6.705157  11
    8.522230   14.016443   -6.094141   6
    2.004524  -11.929751   17.586788   3
    2.241008   -8.644658   19.224715   3
  -10.967840   -8.807616    2.195812   5
   -9.526791   20.193489  -16.790495   2
    7.087095   16.134864    3.611377   6
   -3.421432    1.382509    6.692892   7
  -12.873457    3.776289    0.077220   5
  -16.526736   -6.617749    5.758609   5
    4.047856   -5.961901   18.058160   3
  -15.195244   -1.670510   17.017213   7
  -20.431239    9.511663   13.554851  11
   11.649671   -4.194527  -10.008494   8
   10.287331   12.931972    2.402973   6
   -2.173438   -2.702530    7.497255   3
    1.740788   13.219281   20.243115   1
    9.188846   -1.748786    4.645716   1
    3.306082  -22.536468    3.339619   9
   -0.339726   15.041713   -9.624709   2
   12.964101    3.802748   19.151836   1
    5.770867    5.562790   19.957000   1
    9.492356   -8.316412   -6.442347   8
    0.002707    4.078925   -7.521826   6
   -2.758252   -5.068800    3.203336   5
   -3.171598   -3.553381   14.688309   3
    2.982774    5.646608  -20.455552   2
   -9.154330   -9.327289    8.806607   5
   -3.357609    9.853389   19.890121   7
    8.451890    7.718305   21.597559   1
   -9.823445   -1.362542    0.604890   5
   12.447522   -7.206166   -8.794243   8
    6.875203    7.284725    9.325894   1
    8.056196   -5.656501  -18.621675   4
   -4.541860   -0.090052   14.818592   7
   -2.800905    4.992863    4.865283   7
  -13.697166   -6.026398   -5.933910   5
   -5.986798   15.142746   10.268990  11
    5.343375  -16.489817    1.516706   9
  -14.335439   -1.772352   -0.752933   5
   13.759587   -1.850363   -8.697746   8
    6.871463  -22.196629    3.392095   9
    4.204675   -1.586401  -16.632767   4
    5.399857   -2.115533   -0.145674   8
   13.154569   18.474638    2.417493   6
   -2.095648    1.080821   -2.121735   6
    1.039266   -0.376055   -0.164104   8
   15.247977   -3.997049    8.368003   1
   -4.161491    4.324097  -16.065984  10
    4.546354  -17.905512  -15.061429   4
   -4.315184  -10.772274    4.526942   9
   -2.243358  -17.661825   13.926166   9
    0.793297  -10.106735  -17.579590   4
    8.774533  -12.024459  -20.506821   4
   -6.522925  -20.440321   11.134135   5
    8.348443   10.194469    1.322597   6
    1.724637  -14.544037    0.657751   9
   -0.326803  -11.708209   -1.039914   9
    0.011857    2.699173   10.667521   1
    1.695761  -15.012976   15.957274   3
   -3.006525   -0.317788    0.976485   5
    4.408036   18.794015   16.059378   1
   -7.007287   -8.622539   -6.177545   5
    5.598345   13.469895   -0.982291   6
   11.250859   -4.626582  -13.382765   8
    4.610284  -16.281339  -18.151058   4
   -7.790236   12.898745    4.545821  11
    3.333325   20.697179   -6.695524   6
  -14.779782   -6.394014   14.982474   3
   -1.105706   -0.680992   15.384482   3
   -1.294124  -16.588700  -17.234770   4
   -0.558015   14.532622   17.812819   1
   -6.661121   -9.582968   16.253457   3
  -14.641816   -3.534854    5.251086   5
    3.280213   14.448123  -18.555395   2
   -0.813715   -5.778982  -22.048073   4
   -1.073305    2.123104    4.476943   7
   -1.169136    7.319635    0.423278   6
    2.218172    4.127138  -15.846236   2
   -1.889909   18.815877  -14.764531   2
    4.224415   18.409703    3.520579   6
    1.456176   16.294327    2.413867   6
   -4.417334   -3.642557   11.498786   3
  -12.193181   -6.030512   10.068044   5
    7.142261    3.953220  -17.365263   6
   12.604524  -20.654975   -6.319395   8
    5.613426    7.030737   23.350471   1
    1.049952   20.668986  -12.978763   2
   -1.811277  -14.473223    0.240791   5
    9.299921   -7.579524    9.381105   9
   -4.157783  -20.410455    8.679949   9
    8.142264   -7.813735    6.254022   9
  -11.133854   -3.091329    5.695651   5
   -7.232352   -7.041329  -16.012929   4
    3.733596   -1.503975   12.106763   3
   -8.102260  -14.160482    1.459472   5
   -4.004755   16.744066    1.619166  11
   -3.777342  -15.179312   -9.023797   4
    0.040820  -17.164252  -14.097919   4
    5.077659    3.950015    6.342791   1
    0.310845   -5.195571   -7.311995   4
  -10.015861    2.097412    9.425429   7
   -5.639169   16.824141  -19.757081   2
   -7.017431   -2.955414   -0.035805   5
   -5.499415    8.945789   11.634144   7
    3.004973   18.537372   -3.367898   6
    7.985704   18.114261   -2.353997   6
  -12.843989   -9.378514   -6.640049   5
    0.068467   10.093989   21.547575   1
    2.842237   15.924558   -9.594384   2
    0.899928  -16.489431  -10.436118   8
   16.321843   -0.435755  -11.056224   8
    9.932870    2.218853    0.040801   6
   -3.657835   15.652432   18.895710   1
   -2.300104   -1.206611    4.472663   3
   -6.996295  -10.217813   19.708325   3
   -5.862354   -3.941462   16.650713   3
   -5.453059  -10.517177  -23.191885   4
   -0.771048   -6.723990    9.237309   3
    0.381002  -13.842113  -13.064880   4
   -1.288090  -14.169341   -3.637065   8
    1.528624  -17.662373   -7.252077   8
  -13.203391    7.469663   16.582646   7
   19.053299    4.600101  -10.584059   6
   10.664627   -5.714588   -4.544003   8
  -14.569615   16.912312   11.113128  11
    4.593244   15.597332   18.676214   1
    4.190779   15.620376    5.022458   1
   -2.802913    9.943436   23.379508   1
   -2.888849  -17.256503    4.397722   9
    5.802039   -1.661427   -7.072346   8
    4.619879    5.998734  -17.059428   2
   -8.732657   -6.474683   -9.958158   4
   -3.735950   14.008487   -0.338556   2
   -8.797141   11.542464    1.653059  11
    6.227024    6.314480  -20.205821   2
   10.045284   14.815492    4.868524   1
  -12.656361  -11.425116    6.153816   5
   11.081099   -0.476273    1.871183   1
   -3.652509   13.599216    8.594932  11
    1.423237    1.076105  -16.844282   4
   16.501144    9.541880   -9.658265   6
    1.308653  -17.825929   14.062803   9
   10.312923   -3.845351  -16.699051   4
   13.201706    3.255429  -18.371223   6
    6.661387   10.360108   23.560387   1
    2.147558  -12.918482    5.566033   9
    4.010177    8.385752   -1.202277   6
  -12.677656    2.842816  -18.174752  10
    8.978927    5.164906   14.888748   1
   -2.300659  -20.650413    5.790802   9
   -5.889432   -9.906285    9.127220   3
   -2.291057  -11.498596    1.952013   9
  -12.962263  -18.281081   -3.894712   5
    1.332867   16.847610  -20.588244   2
   11.399468    6.357721  -13.669995   6
    6.229345  -17.491036   12.853044   9
   -3.111609   -9.664350   -0.666166   5
   -0.620233    7.908712  -12.768682   2
   -5.631559   20.432674    7.680550  11
   -5.263938   15.021111   21.823165   7
   -0.538898  -13.384093   -9.792646   8
    0.785179   -8.791640   -6.347770   8
   -9.982260    2.337159   16.323719   7
    1.078873   17.351047  -14.112278   2
    4.976197    4.214845    3.025138   6
    2.672480   13.228631   16.946685   1
  -20.449731   -2.564960   -0.920580   5
    4.086991  -15.749199   -9.885526   8
   -4.842819  -12.024467   11.318310   3
   -8.363198   -5.280243   -6.492562   5
   -8.749366  -19.760339    0.266179   5
   -0.987243    1.295452   -5.540063   6
    4.777546   -7.709342    5.565958   9
    5.942941   -2.321034    3.262948   1
    8.312332   -4.880775  -11.170136   8
   -4.351893   19.018765   -6.788348   2
   -7.056547  -11.805390   -7.342270   5
   -8.321042   -0.835414   10.383455   7
   10.019331  -14.360650  -12.145352   8
  -13.337902   -6.177908    6.726961   5
   12.169191   14.984226   -6.602741   6
   -4.009017   -7.556152  -21.681975   4
    4.617264    1.701283  -15.988028   4
   14.111120   12.359084   -5.710133   6
    0.358862   10.954092  -14.032140   2
    6.452687   12.952700  -12.659830   6
  -16.119438   15.233464  -13.017319  10
  -15.554517  -10.656565   -8.479723   5
    4.441958   -7.118627  -14.600729   4
    1.297740    9.759485    0.340275   6
   -4.789597   20.845776  -15.673122   2
   16.817122  -13.302028  -13.070346   8
   -0.484631    7.735675    3.649084   7
    1.721714  -10.115089   -3.407564   8
   -7.172160  -17.545131   -4.861730   5
   -8.012338   12.632869  -14.550614  10
    1.987249   12.978668    1.248892   6
    7.632553   10.796259  -14.935498   6
   -6.583882    1.448239   17.146807   7
   13.211611   17.168451   -4.351631   6
   -4.809075   -8.384477    1.803133   5
   -6.827309   10.244790   -2.701476  10
   -8.486150    4.688194   -7.285890  10
  -18.640807   -9.399307   -2.589119   5
    3.809817   -7.043634   12.070977   3
   11.218707   -0.438949   -1.611367   6
  -11.691985    0.456948   -1.454689   5
    0.831111    0.203386   12.852162   3
    8.179652   -8.711050   15.303173   3
   10.032497   -8.009047   18.135624   3
    2.882317  -11.079071    0.475940   9
  -10.659843    0.447218   12.166572   7
   15.550012   18.751719   -6.376250   6
   -4.631877    2.390148   -0.375558  11
   -7.830179    2.341992  -10.605660  10
   -5.185070    0.946581  -20.639913   4
  -13.032632  -16.255139   -6.856802   5
   -2.443797    5.360328   -9.548434  10
   -1.653211   17.797478   16.802410   1
    6.795368   -8.108716  -16.766626   4
    2.888887  -21.252166   -0.272759   9
  -19.548546  -12.046642   -0.500139   5
   -2.724497    9.848808    4.899230  11
  -10.802369   20.361808  -11.584958   2
    8.057497   13.883688   -9.132883   6
   -3.665214  -12.577625   -1.867493   5
   11.298193   -4.913633   16.800948   1
   -0.133545    7.439713   23.844448   1
   -4.348449  -11.981128   -9.152715   4
   -0.699362  -20.486629   15.214040   9
    0.024352   -2.886717  -12.970069   4
   -2.967037   -5.035805   -2.879885   5
   -0.777330   -7.985749   -2.254744   8
   15.945297    9.475849  -13.038143   6
  -11.155773   14.504214  -19.207704  10
  -10.147091  -17.730947    7.707111   5
   -0.435452    7.670265   19.194894   7
  -15.590065    3.863777    2.344438  11
  -14.158594  -13.003072   -1.819515   5
   11.688908  -11.579773   13.418659   9
   -8.410571    6.956564   12.987329   7
  -19.741012    2.424203   10.826610  11
   -5.273282    4.106946    7.002846   7
   -2.496001   -6.768761   -8.381465   4
  -16.107929    7.291957  -16.942529  10
    4.237504   15.761124   11.077709   1
  -18.143446   -1.569534   -5.796624   5
    9.332880    7.906841   -3.527391   6
    8.781428   -4.609026  -23.952906   4
    7.030467    3.440696   -1.969381   6
    6.438448  -14.479282   14.698562   9
  -10.335867   -8.981709    5.551254   5
  -11.474848   17.998558    9.808970  11
   -0.989400   16.113660    0.070643   6
   -5.836076    8.152672   22.200774   7
    2.805440    9.345630    3.224482   6
   14.688201   -4.279954   11.646760   1
   -6.207750   12.490455   12.426703  11
  -12.708155    2.651901    3.428103   5
  -12.296558   11.328042   -3.342495  10
    2.071854   -4.192344   10.723702   3
   -0.796898  -14.684659    3.614466   9
    3.759348  -12.350348   14.712202   3
  -15.525788   -4.442718   -8.630072   5
   13.638552   11.425010  -11.140109   6
    9.046231   15.428469    8.023585   1
  -16.342318  -10.965313   12.751636   5
   -9.881012  -15.280708   10.155491   5
  -14.800398   12.979517    3.803102  11
   -5.221833    1.329708  -17.078393   4
    9.085335   12.735136   -0.668058   6
  -13.846370   16.487766   -4.712518  10
    7.146347   -7.090153   11.973988   3
   14.913090    4.552631   13.386305   1
   11.213562    3.655777    6.043262   1
   13.784912   10.715267   18.648158   1
    1.303894   -8.723741  -14.570424   4
    6.282825   10.302039    4.001800   6
   -1.548047   -8.101580   19.041085   3
   -9.744487    4.292950    3.995045  11
   -4.245428   -8.354488   -3.424374   5
   17.317513   -7.345962  -12.611140   8
   -5.968192   13.677933   -3.165901   2
   12.695126    7.653829   -1.898214   6
   -0.967318    2.538152  -10.406268   4
    3.312841    2.405666  -13.053333   4
   14.070350   -5.805801   14.705510   1
    7.651832  -20.315735   14.120782   9
   10.328835   -7.964377    3.651244   9
   -1.954608   16.554296  -12.310467   2
   -9.931797   11.549827  -21.345065  10
  -20.809495   -8.591097    0.345957   5
  -12.738827    9.686406  -12.772384  10
    3.927771   -9.665139  -16.854070   4
    6.534130   18.394460    1.037955   6
   13.837940   11.336095   12.946703   1
    9.564462   18.567212    9.240050   1
   11.195963   16.616973   15.189975   1
    2.090652  -11.017742   -8.868141   8
   -8.594557    6.294526   -9.952763  10
   -8.189861   -7.381816    0.880381   5
   -6.649151   -3.840359  -10.790567   4
   -4.580517   15.171293    4.818844  11
   -8.776593   20.118065   10.802034  11
   -1.975550  -14.400923  -19.871762   4
    2.334770    3.073911    0.611673   6
   -7.098261   -7.150413  -12.739306   4
   19.379044   11.137606   11.121492   1
    8.258569  -11.815495   13.535740   9
   13.596061    1.779840   14.496879   1
    0.029271   13.824727  -19.008454   2
   -5.109367    7.496248    5.662985  11
  -14.502217   -1.289132  -14.535659  10
    1.079116    5.058509  -12.693127   2
   12.500680    2.758052    2.650448   6
    9.471961   10.695391    4.688268   1
    2.892287   -4.929476   21.194026   3
   -9.796932    1.489677  -16.316915  10
    3.859171  -12.882369    8.654882   9
    9.329272  -10.701330    7.685161   9
   -6.346671   10.105520  -13.146475  10
    5.454233  -12.802556   11.747880   9
  -12.186498   12.558193  -16.545280  10
    1.388115   11.633151    7.120036   1
   19.000605  -11.429170   -4.893786   8
  -17.891760   12.374797    2.311417  11
    6.890766   10.370765   -1.789281   6
   -4.449932   -9.246175  -13.322009   4
   -8.965870   -7.777187   14.419623   3
   -2.326789   20.113159  -18.147315   2
   -0.435657   -0.980823   18.741042   1
    6.379198    1.536429   20.040428   1
    3.869764   -9.288132   16.385894   3
    1.413151   -8.281537  -20.533332   4
   13.653672    8.890262   15.265631   1
    0.894419   19.679356   15.172944   1
   10.721713   10.064770   12.917097   1
   -7.526970    9.617728    6.496817  11
   -9.568918   14.745082    2.214788  11
  -17.410456   -1.004652   -0.256610   5
  -12.461208    9.995947   -6.649112  10
   15.026512    4.406996   -5.217530   6
    8.153630    0.968364  -12.256551   8
    9.993868    2.950975   -9.730963   6
   -2.809587    6.848664   21.688469   7
   -5.957317    6.919910  -17.798542  10
   -9.552507   -3.364546   12.442363   7
   -7.203846  -17.500430    9.776610   9
    1.252005   17.697832    5.537681   6
   -1.994344    4.204001    8.266649   7
   -7.391182    7.723288   -6.302904  10
   -4.825584    7.611411   -8.386515  10
    1.753392   10.383503   15.689582   1
  -19.774929   -6.008054   -1.719579   5
  -14.207240   18.473294    7.645791  11
  -12.448859   -2.361147   11.486312   7
    0.602824    7.342543   15.978874   1
   -2.964565    7.840055   13.344343   7
    6.029938    1.305590   -4.410001   6
   -2.632697   -3.827352   -6.565905   5
    2.837812   11.404712   -6.347779   6
  -21.144948   -4.911577    1.591736   5
    0.368065   -4.985695   -0.896260   5
    3.745496   -5.108353    3.572615   9
   -7.632991   -1.547076   16.335913   7
   -4.755078   -4.056565    5.703256   3
   -9.240602  -12.103812    6.645708   5
   11.082470    2.860369   -6.174596   6
   14.305421   15.011570  -11.843222   6
   -7.812502  -12.558653    9.649448   5
  -11.423263    9.928585  -18.593690  10
   10.371106    8.125306   15.811719   1
   11.962898    0.415256    5.082987   1
   10.123375  -12.248534   10.594410   9
   -3.265937  -12.067968   14.337066   3
  -15.935396   17.830573   -7.328818  10
   -3.638328   -1.442089   17.530607   3
   12.680810   -8.465503   -5.627643   8
   17.434356  -10.510030   -1.865715   8
   -1.446245    9.848167   -5.238517   6
  -10.671388   17.544147   -9.360773  10
    5.220481   -3.322355   16.356807   3
    7.461712  -20.228903   -9.850832   8
   -4.806458   12.428752  -15.577215   2
   17.740360    6.767907   -4.778172   6
    5.002880   14.098289   -7.406881   6
    0.521788   20.635828   -4.608326   6
   -7.564175    8.028826    9.366398   7
   -5.716524    4.642904   -9.367865  10
    1.306324  -19.989421    2.489483   9
   -7.576098    1.525564    4.460645   7
   13.197931  -14.888294   -3.720418   8
   -1.318298   -5.692833  -25.513761   4
   14.154481   14.127586   10.705175   1
    4.528408   15.432032    1.502811   6
   16.731972  -13.969342    1.395643   8
   -0.623331   12.012859   -7.644941   2
   17.372774   13.358223    9.275400   1
   -5.075440    4.268960   17.322897   7
   -3.462427   14.996502   15.599350   7
   11.860869    5.650219   -4.485193   6
   -2.419018   -0.257830  -21.726337   4
    9.797385   16.732748   -5.040739   6
   10.163814  -11.278088   16.506091   3
   -5.093052   11.847201    6.128765  11
   -4.950209   15.842212   -7.842110   2
    6.465388   13.515196   16.641261   1
  -15.090514   -5.868196    2.865746   5
   14.342957   12.374799  -14.275104   6
   -2.191561   -1.387516   12.293202   3
   -3.264263   12.355520   17.491881   7
   12.509238  -10.290056  -11.612059   8
   -2.289639  -14.349270  -14.858802   4
   11.301900   17.640750    6.215281   1
   -3.793095   10.437127   -7.395566   2
   -6.118046   -9.025614   -9.794155   4
  -19.095440   -7.110856    3.236994   5
    3.819557   12.602000    3.830003   6
    2.329662    2.653549   -5.416479   6
   15.739391    7.511366    8.931704   1
    2.382947   -8.150220   -0.883205   8
   -3.793229   -6.422007  -18.547656   4
   -5.742269    4.334543  -12.936604  10
   12.817140   -3.333848   -3.222549   8
    4.884156    0.689377  -21.840898   4
    9.780910    5.168108   -1.696395   6
   -1.094019    8.641726  -16.042197   2
   -3.114971   13.560469   -9.520679   2
  -17.577752  -15.964660    7.678817   5
  -12.786592   15.437283    2.350083  11
   -7.496974    2.906536  -21.969634  10
    6.131469    7.105274    5.766238   1
  -11.715996   -3.423141   -1.141807   5
    7.261916    1.304508  -24.102834   4
   -7.310711   -7.587211  -22.523705   4
    2.991585    4.842316   15.102298   1
   12.529921   11.903379    5.124053   6
   14.530255    9.879523    0.066496   6
    5.445839   -0.400129  -13.566976   4
    1.328365  -15.464427  -19.456323   4
   -0.024318  -14.424110   18.758751   3
   -0.454380   15.869307   14.238575   1
  -13.601287  -11.294958    2.624884   5
  -12.526875   -3.123251    2.303603   5
   -3.167241   -9.387518   16.385040   3
  -15.965014    4.587014    8.166368  11
   -7.756270    8.618816    0.195422  11
   -8.321386   -6.423875    4.456444   5
   12.047695   -4.325201  -22.271106   4
    0.592196   -1.189536    9.898137   3
   -7.447972    6.281900  -20.756840  10
  -13.585119  -21.359414    4.770993   5
    9.013626  -17.548470  -11.481886   8
  -13.485814  -17.062594    2.087457   5
   -7.052826  -12.709428    4.132641   5
    2.230847  -16.269531    3.621537   9
   -4.075928    2.985393  -22.899710   4
   10.837530  -17.152140    0.510294   8
    4.933266  -15.954279   -6.532534   8
    1.333842  -21.388846    6.202234   9
    7.469655   16.914303   16.667270   1
   -1.724956  -17.824918   -8.764425   4
   19.179539   -7.708510    2.900036   8
    7.094495  -17.096599   -3.928645   8
   -0.490295   12.947756   -0.906295   6
  -15.689218    2.213861    5.400345  11
    7.640509   -0.083669    1.832108   8
   14.293676   -5.901222   -0.334257   8
   17.427428   12.550913   -7.731106   6
  -10.967346    4.770475    7.583158   7
    1.227562    0.146745  -11.266021   4
  -15.706427  -18.696570    5.006657   5
   11.490478    3.752285   12.819464   1
   15.754638   -8.774840  -10.047878   8
  -12.335574  -10.732023   -0.309977   5
  -14.379443    9.078413   14.094466  11
    8.288065  -13.102994  -14.732495   8
    3.370490   14.590068   -4.077224   6
   12.019059   19.056412   -6.771168   6
   -3.927871   -9.387293   -6.819784   5
    7.669297   18.202229  -11.101423   6
    5.336746  -21.643271   -7.067667   8
   18.424443    7.826347   10.935863   1
    8.310320   -0.023530  -21.015713   4
   -3.626514    1.599311  -13.897025   4
  -12.835855   -0.651961   20.201607   7
   -9.909547   15.292473    8.376435  11
    4.082422    3.000369  -18.923833   4
    7.599238  -16.360677  -14.259753   8
   -0.772870    2.513567  -22.875948   4
   -4.489893    9.440386    8.251496   7
    0.167725   11.466660  -22.073983   2
   -3.931004   -5.501308    8.738337   3
   10.433779    6.640848    9.716566   1
  -11.435583  -13.750810    1.082487   5
    2.065707  -15.363613  -15.970033   4
    2.663773   -5.085852   -9.508188   4
   14.373213   14.933587   14.078596   1
    7.292945   -2.148484   18.468368   1
   -7.581422    1.746382   20.395924   7
   -1.631718   -8.871903  -19.771758   4
  -17.426621    0.347885   12.889630   7
   15.711082    5.654686  -17.011389   6
   14.276960   14.428011   -2.984330   6
   -2.773305  -20.538100   12.067467   9
   -4.989183   -0.030688   11.422264   7
  -19.197867  -10.639507    2.603881   5
   -1.498161    4.376821   -1.033128   6
   -1.738906    2.204973  -16.705394   4
    5.749822    9.248946  -12.224177   6
  -17.450623   -3.372675   -2.518867   5
    6.716751  -11.540313  -17.623181   4
    4.090231    6.657128  -10.352123   6
    0.487559   -6.629875   12.382408   3
   -0.069763  -13.293017  -17.025930   4
   -2.598904   13.280361  -12.971038   2
    2.970460    6.290817    4.685462   1
   -6.722235   14.871060  -17.067666   2
    0.504151  -11.898187  -20.192541   4
    8.718641   19.613098   -6.166702   6
    4.829135   -7.859786   21.207825   3
    1.318021    1.349404   16.719861   1
   14.056803   10.939283   -2.853446   6
    4.855967   13.372687  -15.500980   2
  -16.529482   -6.620655   -2.642887   5
  -17.083311    8.072850  -10.764816  10
    6.882801  -13.853948   -2.938453   8
   10.703370   -1.156291  -11.083851   8
   14.077387    9.220064  -16.364383   6
   11.641478    0.490855   11.789698   1
    9.176898  -10.950689  -12.154528   8
  -17.274828   -0.867660    5.207671   5
    7.452704   -4.732476   -1.660095   8
  -12.602871    6.498486  -17.992208  10
  -12.256856  -17.645606    5.092758   5
   11.520102   11.285798   16.115551   1
   16.887600   -7.022230   -2.277525   8
    3.854391   -5.278140   -0.681877   8
    3.964633  -10.207183   -6.200700   8
    3.241714  -12.914515  -18.013926   4
   -0.483691    2.128629   19.740530   1
   -9.755206    1.150391  -24.121934   4
  -14.684210    6.637868   11.418183  11
   19.585301    1.067397   -5.769233   6
    5.902431    3.842314   22.805171   1
   10.455194    3.416703  -15.874534   6
   -8.152762  -10.664758  -20.741207   4
    3.793653    7.987009   14.477747   1
    4.006539  -19.521266   20.093303   3
    2.092902   -9.539076   13.514692   3
  -11.606828  -14.769958    7.285964   5
  -12.063779   11.163145   16.416460   7
  -10.359550  -16.154643   -4.146494   5
  -12.497355    5.995175    2.499136  11
    2.475466  -10.229227   22.313086   3
    0.156822   -3.410342   13.413167   3
    6.290975   -4.819739   20.273568   3
   10.126991  -15.141582    8.729827   9
    9.069995  -13.678013    5.841668   9
   -3.674140  -10.532993   19.749042   3
    3.970576  -13.563634    2.852989   9
    5.401628    8.830529   20.504698   1
   -3.545102   -3.289433   -9.776222   4
    2.409279   15.701104    8.034149   1
    0.055286   -3.543476   16.666062   3
   15.355044   11.965922   15.836180   1
   14.953510   -5.067043  -10.046510   8
    1.565444   14.485859   -6.876891   2
  -12.297038  -15.848443   -1.360526   5
    9.594676    1.885145   -3.461544   6
  -13.993523    8.771185   -9.415323  10
    1.039566   14.349734    5.153706   1
   -6.956478  -17.421511    1.745717   5
   10.000069  -18.003205    6.787889   9
    6.629330   -3.836865   13.249214   3
    2.130548    2.660369  -21.492611   4
    7.343511  -16.140077   -9.007943   8
   -4.290912    1.814810    3.352373   7
    9.443261   18.193311   12.641927   1
    3.316269    0.734718    6.588043   1
  -15.753053   -2.474069    2.321411   5
   19.822030   -8.020676   -0.609543   8
   -2.702831   -9.295025  -10.436466   4
   -5.277988   -1.028677  -12.167436   4
   -6.564991   10.997975   -5.817627  10
   -8.651419   12.331556  -11.094006  10
  -11.759775   -4.242270  -20.000843   4
   15.473847   15.224620    7.248316   1
    7.844604   14.361297   19.595113   1
   -4.216412    3.015806   10.266274   7
   10.827906   10.104777   22.353587   1
  -10.322982  -11.797549    3.514300   5
   -2.168846    3.993228   -4.307928   6
    2.273367  -19.542010   16.971792   9
   16.942798   13.157986   12.744464   1
  -19.980064  -12.728670    5.209056   5
    6.399165   -5.103256    1.424966   8
    0.387954    5.018062    6.036063   7
    9.155113   -7.521886    0.346345   8
   11.222093   13.177834   -3.835059   6
   15.556194    6.677486   -7.727058   6
    0.702828   -7.981056   -9.721777   4
   -7.892807  -17.426373   -8.953503   4
   12.961857    2.504100   -3.250486   6
   -2.201291    5.432918   15.597771   7
    4.225367  -13.135021   -4.942087   8
   -4.666544   -1.429946  -15.431900   4
   13.783067   10.153904   -7.959820   6
   11.403413  -11.119104   -1.033079   8
   -0.671754  -20.895341    9.007658   9
    9.889679   -8.994748   12.415067   9
    5.109751  -12.893350   -8.506299   8
   -7.510953   21.766038  -10.336640   2
   -8.247106    4.388666   18.394051   7
    2.366825  -11.914896  -14.785480   4
    5.858121   -7.434217    8.844741   9
   14.630624    6.605904  -13.899849   6
   -1.917974   -8.419970    3.802553   5
    8.563585   -0.537012   -5.665201   8
  -14.797036  -20.093837    1.688608   5
   -3.342441    7.679121  -11.550059  10
  -12.297972   13.436152   -5.858945  10
   -6.252570   10.011775    3.302232  11
   11.657380    6.533248   21.361736   1
  -13.085804   -3.284571  -17.036249   4
  -11.300053   17.797546   13.399434  11
    7.292536  -13.230623    8.849593   9
   -3.143604  -14.539620    6.331894   9
    9.550129    9.054860   -7.064693   6
   -7.144354    2.440438   11.627317   7
   -2.617359    3.006797  -19.791043   4
    2.272603    6.589773    1.501456   6
  -19.863651    8.281534   10.200927  11
   -3.778865  -17.621931   10.570235   9
   15.639605   -7.191952   -7.229673   8
   -8.081578    6.340050    6.575807   7
   12.929428    4.448398   -8.303229   6
  -12.138489  -10.431952   -3.546364   5
  -13.368264    9.261227    4.353362  11
   -4.531685    6.345091    9.225727   7
   -7.601665   15.719900  -13.284766   2
    2.237642   13.656492   13.571805   1
  -11.856363   -0.626089    8.355913   7
  -12.548886    6.264850   -7.336764  10
   -7.529901   -7.054108   -3.472116   5
   -9.198412  -13.118287  -12.852398   4
   -9.009722   -4.295803  -22.124421   4
    8.962372    1.660161   13.626874   1
   14.770201  -12.671228   -1.197940   8
   -5.847953   -2.823678   -7.043194   4
   -4.342191   -7.756747  -25.102358   4
    2.548319    7.389462   21.484002   1
    0.081133  -18.374639    5.027422   9
   -5.998459    6.034057    0.678533  11
   -4.260427    8.392912  -23.733519   2
   -2.097911    5.023745   11.895707   7
   -8.766746   11.024681   16.857731   7
   17.060703   12.533987   -4.020561   6
    2.660845   -2.776795   -2.356192   5
   -3.933628   13.238485   -5.881523   2
   -3.351310  -15.371240   18.425201   3
   -8.928869   -5.723805  -18.730806   4
   -3.586691   11.499646   -2.984644   6
  -14.904092   -2.283215   -6.190176   5
   -3.830540   -3.611048   -0.002906   5
   -0.132036   12.276125   11.390132   1
    6.813800   -2.117032  -23.031423   4
   -4.310134    7.353475  -14.788758  10
   -2.853303   -6.303898   12.454082   3
   -9.385821    9.023928  -12.115599  10
   12.578633   -8.729898    1.017093   8
   15.867795    3.098087   -9.123319   6
    5.626113   13.177959   12.402705   1
    5.665340  -13.366628    5.813578   9
   -2.802053   -4.823506   18.036508   3
  -14.844606  -13.529867    7.345723   5
  -17.492743    8.135289   12.763506  11
   -1.310556   -6.458184   15.494490   3
   -6.100464   -4.813373  -20.680683   4
  -13.384511   17.238023  -11.621683  10
    5.129112  -13.760521   -0.181776   8
  -10.441380   16.289089   -6.156534  10
  -15.252239   -9.751796   -2.277087   5
    0.712127    5.397626   -4.621683   6
    4.168765    5.841390  -13.542770   6
    6.854676   11.068293   -7.144668   6
   18.518129   -8.810271   -7.289301   8
  -12.100192   14.487231   15.378272  11
  -12.487537   -8.890833    8.451969   5
    5.962357    1.801702   11.821694   1
    4.392741  -10.649603    4.178219   9
   10.721697  -20.418670  -11.467387   8
   16.833087    5.049873    6.874087   1
    5.365259   -4.910860  -16.917362   4
   16.056117  -16.433726   -4.342327   8
  -11.853219   14.853924   11.800932  11
    8.307706   -7.603293   21.081873   3
  -11.293388  -11.995315    9.424630   5
   -2.760865   -3.630468  -16.901227   4
   10.865118   12.499304   19.584947   1
   18.032457   -1.888935   -4.523390   8
    4.450979   -7.117409  -19.217358   4
   -5.198566   19.320758   -9.857708   2
   -4.508544    5.359169   -2.359620  10
   -2.632340   11.804205  -20.011535   2
  -13.488717   -8.582571    4.496185   5
    7.807370   -4.714079    7.981615   9
   -5.018093  -14.736158    9.316080   9
    0.986517   -4.065860    7.675392   3
  -14.746567  -14.230062    1.254357   5
    4.364287   -4.707777    7.022872   9
   -1.272212   -8.831462  -23.382921   4
   -0.418853   -5.475230  -18.762164   4
   10.212979  -18.644453  -14.666546   8
   -2.654868   16.506845   10.350864  11
   -2.425296  -11.589878  -21.842898   4
    9.594442   -1.027466  -18.141534   4
   -1.202793  -11.832619    5.368964   9
   18.849673  -10.997267    1.207065   8
   11.850146    9.787646   -4.887579   6
   12.238910   14.401182    7.619542   1
   15.576891    3.456565   16.674191   1
   18.066145    1.750260    5.751824   1
  -16.356847  -11.278007    0.469639   5
   16.538571   -8.295935    0.698809   8
    1.185524    9.394378    9.809657   1
    6.060339    3.127833  -10.759100   6
   18.267419  -10.710848  -10.917848   8
    5.155371   -6.112413  -11.466965   8
  -10.788163   14.049461   -8.910551  10
    0.884556    8.428343    6.533192   1
   11.014739    9.806450   -9.990838   6
    4.729846   15.434433   14.875649   1
   15.758815   15.335821   -6.052786   6
   15.802740   -6.524042    3.240927   8
    3.866747  -10.521344  -20.103090   4
  -13.359236   13.828582  -11.282009  10
   10.940470   15.484841   10.843290   1
    0.593660   16.303285   -4.264931   6
   11.507499   -7.757261   -2.032678   8
   -5.762288  -12.557513    6.998517   9
    5.449866    4.327861   -5.408361   6
  -10.271908  -16.881999    1.575065   5
   10.772995   22.198409   -5.282354   6
    1.457415    6.150648   -1.566951   6
   -2.921745   -3.493577  -20.322757   4
  -10.027044    9.949870  -15.391450  10
  -10.009706   10.326169    4.637606  11
    4.998296   12.046590   19.163187   1
  -15.647654  -15.499206    4.550461   5
   -8.082171    1.072836  -18.864601   4
    8.255451  -10.937418   19.519188   3
    4.465478   10.032552    9.226743   1
    3.779146    7.350821   11.186283   1
   -0.536336  -17.468815   17.169371   3
   -0.006462   10.186221  -18.789255   2
   13.492486   -4.861329   -6.718255   8
    8.767868   11.668491  -18.236171   6
  -13.077118   15.079516    8.492683  11
    2.116698   12.816634   -9.952024   2
  -19.584579   11.600663    5.390877  11
    9.122437    9.777223    9.917018   1
    3.306122  -15.576339  -12.985214   4
    6.452454   -7.476461   -6.253680   8
   -3.510953  -14.888485   12.476457   3
   -9.251553   -1.927673   -6.211108   5
    1.060141    8.085558   -6.691016   6
  -10.116165   -6.238877    7.392960   5
  -10.618104    7.548531  -20.850149  10
  -13.180438   11.957082   13.092065  11
   -5.536429  -11.716083    1.168256   5
  -18.812514   11.497313   11.093388  11
  -13.901106    9.817293   19.038781   7
    9.805856  -17.652736   13.019524   9
    7.529760   -7.787589   -9.626228   8
  -15.357449   10.112406    1.768482  11
    8.609290  -13.058569   -9.326651   8
   -4.186560   -6.287890  -11.486483   4
    2.945116   -1.816356   -8.547508   4
   -4.614917   15.554058  -14.447410   2
  -11.401364    5.503737   19.160431   7
    6.932937   13.119055    2.201290   6
   -5.089117   -7.188124    4.781536   9
  -16.384875   -9.049491    3.272286   5
   -9.732219    9.407934   -4.562129  10
   -1.399634   -0.802648  -15.042039   4
    5.365937    4.405182    9.793771   1
    8.063286  -10.490293   -1.366876   8
  -11.129109   12.441128  -13.362780  10
   19.718429   -5.624899   -6.421484   8
    9.673524   18.123586    3.230350   6
  -16.444583    8.591370   16.772946   7
   -5.487875   10.020896   17.006890   7
  -10.122242    8.285181   -7.997714  10
   13.720027   -7.134075  -12.240574   8
   -9.066606  -11.039769    0.386366   5
   -1.638126   -7.051116   -5.234327   5
   11.794069   12.009297   10.223085   1
    7.370754    8.329605   -9.341989   6
    5.184378   16.629860   -1.680728   6
   12.586252  -12.128710    1.829124   8
    3.745992   -2.522227  -21.848813   4
  -14.804914  -11.624598   -5.174590   5
    7.790561    3.672355   17.826318   1
  -11.364327    7.071811  -14.290280  10
    3.104396    6.677634   18.215374   1
    9.425889  -16.053293   -6.221679   8
   15.979676   -9.369989   -4.796255   8
    7.124220   13.331429    5.610139   1
   11.011438  -15.915119   -9.257942   8
   -4.181892   10.567871  -10.640973   2
   -5.730187   -6.013307   -8.509379   4
   -7.895603  -15.227471    7.315195   5
    8.075255   21.366138    0.561226   6
    0.753779   18.055750  -10.857572   2
    5.830914   -4.934140   -8.240574   8
    0.175014  -15.365922    6.695356   9
   -6.416703   13.104322   15.560081   7
    2.571793   -7.003312    8.923219   3
   -5.303962    6.984472   15.226199   7
   -9.355468   14.139633   17.705964   7
   12.029687  -14.373727   -0.686411   8
   10.863358    0.137227   -8.083211   8
  -10.080319    2.083591    1.092774   5
    5.859236  -11.396840  -22.701886   4
    7.347321   -2.268193  -16.139019   4
  -17.474718   -7.894751    0.308439   5
    5.848555    5.544974   13.045840   1
    0.248798   12.646385   -4.212925   6
    0.165188  -12.081403   14.633908   3
    5.985766  -20.449362   10.972559   9
    9.997212  -13.156640   -3.602592   8
  -11.638038   -5.930358    3.931177   5
   11.570054  -18.076012    9.942914   9
   12.755922    5.367035   15.745350   1
   -5.862316    3.836596  -19.119879  10
   -6.882682   14.460244    7.328898  11
   -7.195120    3.140779    1.667024  11
   -3.196540   11.145362   10.954482   7
    7.994727  -14.952036  -17.545510   4
  -15.242937   13.350378   10.579221  11
   -0.599807   -5.283469  -15.116490   4
   -5.940112    1.870214   -7.221655  10
  -11.979707   12.045054    2.641334  11
   10.592680  -12.486148  -17.530856   8
   10.652312  -21.905196   -3.501750   8
   10.142787    8.845603  -15.893668   6
   16.959321    9.238232   -2.256250   6
    2.547536    3.420222  -10.056495   6
    7.416805  -18.466618  -16.937516   8
   -1.412454   -7.764916  -13.038509   4
  -17.277222  -14.826771   -0.864425   5
    0.442119   -0.981838    6.505011   3
    8.019077   -7.458635   -3.246651   8
   -6.423451   14.480385    1.863222  11
   18.060668  -13.930997   -2.036921   8
   -6.052621   -5.234420    2.276144   5
   11.486126   15.720580    1.515434   6
    5.887437   -2.010189   -3.590867   8
   11.039516   -2.907513   -6.470213   8
   -1.379123  -12.122321   11.500909   3
    3.086591   19.064970  -18.509004   2
    8.221351   14.698271   -2.842724   6
  -14.294174   -4.043732   -3.392686   5
   -5.798577   12.072414  -18.926986   2
   -6.590890   -3.951602  -14.051424   4
  -17.528795    5.875104  -14.029605  10
   -1.582798   -8.058470  -16.533236   4
    2.494236    8.609699  -12.409438   2
   15.945697  -12.770809   -4.374788   8
    6.000365    1.381509    8.340980   1
    8.744422   11.089491   -4.364142   6
   -7.375724   10.091241   19.650196   7
    0.433376   -2.206307  -17.377554   4
  -11.077875    2.314217   19.675948   7
    8.988717    5.290742   24.059141   1
   -8.985214   -5.156939   -1.439820   5
    6.185530   -2.531772  -19.434496   4
   11.354857   13.560062   13.593045   1
    1.011907  -20.834177   12.217456   9
    8.911289   12.808769   11.326741   1
   16.188957   12.797141   -0.623777   6
  -14.643218    6.377075   19.475760   7
    3.086781    1.097533   10.176794   1
  -16.709848  -13.903276   10.487018   5
    1.251193   -0.330132  -22.799279   4
  -16.523263    1.894269    9.895369   7
   -1.449145    8.760599   -9.002976   2
    8.027760    4.692125    1.360722   6
   18.398559   -4.933196  -14.970807   8
  -17.655263   12.147794  -11.825290  10
    1.849827  -15.659786   -4.759832   8
  -10.889745    8.742775    1.748729  11
    9.148824    8.663579  -12.639229   6
    4.885727    5.336306   -0.108610   6
  -10.273298   -3.388399    9.098620   5
   -4.828378   -9.236734   13.348842   3
   16.838650  -11.491042   -7.598749   8
  -10.678160    8.857975   14.478173   7
    2.947525   -2.731706  -11.789944   4
    2.895191   12.914208   10.046044   1
   13.664333  -11.319093   -6.986962   8
    9.424397   -1.862418    8.335281   1
   -8.446300   13.359950   21.321490   7
    0.460450  -12.366944    8.471921   9
    7.241506    9.979363    7.159038   1
   18.796502    7.324199   -8.241273   6
    7.964875  -17.258864   15.941176   9
    6.238546  -13.799543   20.698627   3
    6.207372   -5.245783  -21.401257   4
    1.499253   -3.623344  -24.281566   4
   14.554724   15.769251    0.192417   6
    6.386528   16.303807  -14.151449   2
    7.210432    8.579446   14.931854   1
    5.753472    2.081861    0.582456   6
    8.229176  -14.863516   11.749768   9
    5.884343   -7.982691   -0.528054   8
    2.180410  -14.256202   -7.884792   8
  -12.351162  -13.731738   -4.717759   5
  -13.720811   -7.816925  -14.745597   4
  -15.490955   -9.542372    7.006128   5
   10.442563    5.673154   18.194973   1
    3.539367  -15.423216   12.888660   9
   -8.659193  -10.455755   -3.619958   5
  -13.518507    2.435474    7.835026   7
  -12.905256  -11.900284   12.719123   5
   -0.164401  -15.074496   12.654663   9
   -9.437014   11.594022   -7.313966  10
   -7.992572   17.924608    8.121215  11
    8.536652    4.760855   -4.640846   6
   15.868555   -7.627750  -15.730867   8
    4.767263   -4.814085  -24.424120   4
   -7.241706    9.833350   14.200312   7
   -9.051070   -6.645149   10.908614   5
    2.917242   -3.915676  -18.811346   4
  -11.243761   -6.534206   -8.050360   5
    8.213083    4.226093    8.032295   1
    5.727365   15.633269    7.992546   1
   10.406723    6.461324  -10.373342   6
   14.034448   -6.316513   -3.668169   8
   -2.432240    4.628324  -12.827252  10
    0.431774  -19.173113   20.012869   3
  -12.028248   17.451662  -17.165820  10
    9.534309   -5.672244   -7.999171   8
    2.960579  -21.287995    9.335728   9
    5.473328    7.551617    2.308341   6
    8.180759   -2.277561  -12.878456   4
    6.582072   12.649952    9.225713   1
   17.659551  -14.283594   -9.615810   8
  -20.585258    5.797994   12.413625  11
    7.511265    0.280116   -9.260734   6
  -17.326622  -12.523909   -3.271142   5
  -18.050199   -4.743361  -11.009675   5
    2.875857   10.497527   12.409128   1
   16.793514   14.608989    2.704186   6
  -10.715525    9.131155    8.068108  11
   16.856079   12.557698  -11.370497   6
    2.530223    3.702111    8.237093   1
    4.785559   10.793422    0.911227   6
   -7.933296    7.543976   16.849511   7
    7.451720   -8.180024  -13.095170   4
   -9.142179   10.115660   11.206948  11
   -9.856989   12.135586   13.841735  11
   14.634538   -0.488002   -2.638676   8
    6.232366   -0.657026   14.214349   1
   -0.095486    2.096723  -13.761184   4
   -8.202449    7.397361    3.388360  11
   13.670842   16.904423   -8.885226   6
   -7.671051   18.626805   13.999614  11
   10.707238   10.160886   -1.522401   6
    6.587488   20.709012   -8.652265   6
   -6.334117  -11.624435  -11.898842   4
   -6.420890    1.236986    8.449642   7
  -21.132321   10.857644    8.390839  11
    8.013528  -20.689250    8.036184   9
   -0.023577    4.710097    2.598037   1
   -6.345660   19.887286  -18.517455   2
  -13.752633   -3.426059    8.555628   5
   -6.512133   -9.503852   -1.202524   5
  -16.859020   11.585625   13.706979  11
  -12.329721    9.045805   11.287049  11
  -11.703225    6.906135  -10.786904  10
   -2.326457   -6.556663    0.350465   5
   -4.086886   -6.228019  -14.985375   4
   -0.364114  -17.938792   10.934312   9
    7.921928   10.956879   20.526005   1
    3.289506   -0.335163   -5.341893   8
   10.465011    7.363131    0.613402   6
  -14.169168    9.883344    7.955744  11
    7.473632    7.541273   -0.309057   6
  -12.521995   12.059443    6.229587  11
   -7.876878   14.282734  -20.471832   2
   -9.852125   15.103335  -15.824790  10
    8.796164    4.425208   20.838452   1
    8.657007    7.421053   12.355212   1
   12.615659   -5.769378    2.459779   8
  -18.718406   -9.406440    5.921317   5
    2.804001    4.101292   11.831166   1
  -12.391523    6.007997   13.448177   7
   -7.772975    3.344232  -25.807501   4
   16.833919    4.577080   10.426078   1
   -6.650782   -2.184439   13.412112   3
   -3.880232    7.811932    2.489499  11
   13.879710   20.694408   -3.995324   6
    2.713422   -9.930124    7.230991   9
  -14.837145   -5.000019   -0.261339   5
    4.305023   -8.440128   -9.067501   8
   -6.754569   -5.031929  -24.691223   4
    0.270890  -10.641290  -11.792846   4
    0.720355    6.464117   -9.796968   6
    4.176357    3.217705   17.740145   1
    9.652163   12.329450    7.657983   1
   -1.856684    8.116317   10.329481   7
    7.757343   -4.231293   -5.544400   8
   20.799987  -11.088528   -2.029306   8
   15.998906   10.500231   10.696545   1
   -6.080706    0.706654  -24.316210   4
   -0.327220  -22.876658    3.683768   9
    0.299294   -9.274430   16.532132   3
   15.946428    2.626865   -1.536592   6
   -7.046553   -9.612901    6.132245   5
  -15.057455   12.183639   16.420357  11
    4.620433  -14.047581   17.645072   3
    7.107826    3.153463  -20.735001   4
    7.081291  -10.431625   -7.745303   8
  -15.684695    7.035494    2.867571  11
   -3.456640   14.433525  -18.098449   2
   -7.534187    4.132569  -16.143365  10
  -15.481244   10.132020   10.945643  11
    7.953431    4.498480    4.747070   1
   -0.460995   -9.182856    7.168111   9
  -10.166714   -8.400198   -1.534761   5
    3.661699   -8.068898    2.107409   9
    8.278608   10.827119   17.395279   1
   16.353421    1.342738   -4.698652   6
    6.936278    7.550222   -5.930538   6
   -0.020957    0.698261  -19.780530   4
    4.610735   -8.300479   -3.584144   8
   -7.715826  -10.227693  -14.711762   4
    2.598101  -16.575954   18.921843   3
    2.389959    9.873144   19.026706   1
  -12.812894  -14.196427    4.194985   5
    5.093214    9.275256   17.315003   1
  -16.456841    9.382160  -13.973124  10
    8.995841   -2.434255    0.158489   8
   -6.125022   13.154660   18.882193   7
  -17.861086  -13.780351    2.382916   5
    3.429394    1.572516   14.094384   1
    5.260438  -15.772023    9.970187   9
   -1.543406   10.716593    8.083126   1
  -13.490678    9.215388  -15.932611  10
   12.785140  -18.351306   -2.872706   8
    9.541888    5.669231   -7.446352   6
  -11.394475   10.821283   -9.990653  10
  -15.123697   14.732315   13.776162  11
  -12.738775    4.016008   10.632624   7
  -13.482119    1.771203   -3.946246   5
  -13.359768  -14.496681   10.330826   5
    8.449406    4.242732   11.415271   1
  -17.041449   -3.581417    7.626925   5
    2.553082   -5.483905  -21.603734   4
    8.287218   11.728249   14.312326   1
   -7.327602    9.649342   -9.368636  10
    2.624928  -13.481265   20.688320   3
    6.357632   -1.681801    6.679686   1
   -6.137879   -4.291988  -17.278646   4
   10.222135   18.758175    0.036835   6
   -5.334460  -13.346734  -20.608245   4
  -13.317312    6.796132    8.399612  11
    1.836345   -6.036807  -12.628008   4
   -8.962418   12.285766  -17.811451  10
   15.105671  -12.140049  -10.327041   8
   -2.609996   -0.580121  -18.325730   4
   -1.669987  -14.919081    9.548700   9
   -4.387542    1.873489  -10.546914   4
   -0.438916    9.736639   13.297714   7
   20.160479  -11.962103   -8.202506   8
   21.720758   -9.442295   -6.144931   8
   -5.050127    8.989497  -20.500704   2
   13.412351  -13.859943  -12.725306   8
    3.182923  -18.285228   11.099815   9
    0.266334   -3.667713    4.463665   9
   -7.832163   -1.235003  -16.113250   4
   -8.583957  -16.041210   -1.362240   5
   10.609806   -1.265155  -14.490352   8
    6.402788    5.256626   -8.361538   6
   -5.946282  -13.613894   20.131080   3
    7.924001    2.523567   -6.999746   6
  -10.780990    3.743476   -9.606715  10
   17.313581    9.768143   13.921365   1
   -3.648867   -8.652709    7.214066   9
   10.126845  -16.237663   -2.804767   8
   -6.986962   -0.651011   -9.285044   4
    0.648955   -9.522948   10.428185   3
    8.984333  -10.075459  -15.564016   8
   19.337511   -8.134959   -4.028954   8
   10.850849   19.320775   -3.377212   6
    4.876647   11.362884   14.932634   1
  -16.114414  -14.028674   -6.950041   5
  -15.515734   12.959716    7.310299  11
   10.077582  -14.492305   14.771206   9
    3.362233   -4.265779   13.793119   3
  -16.509846   16.041723    8.358318  11
   -3.038615   10.198139  -13.836718   2
   16.743778   -5.055856   -4.971589   8
    2.002934   -6.579937   15.458947   3
    3.394750   -9.194088  -12.084362   4
    2.115699   -0.670876  -14.306501   4
   -4.923186   16.140313  -11.036151   2
    1.977644   -6.820915  -17.116635   4
   -6.834551   -6.805767    7.783149   5
    4.664646    1.880077   -7.707433   6
  -13.902480   18.540922    3.819225  11
   -5.742491   -7.193957   10.939711   3
    5.884787   12.755857   -4.294039   6
    0.370746   -7.306067   21.755501   3
    0.821879  -12.131885    2.589152   9
    1.483253   21.100842   -9.583465   2
   -1.717414   15.475077   -6.577033   2
  -10.456312   15.401505  -12.025783  10
   -7.226646   -4.220845    9.981471   3
   -2.779290  -12.296273  -12.057122   4
  -19.185687  -16.293502    4.428533   5
  -10.368530   -7.906501   -5.070889   5
    7.783908  -10.794700    4.578899   9
    9.695017   14.021940   16.736469   1
   -2.832635   -9.081305   10.451327   3
   -9.317781   -9.184212   -8.246897   5
   -1.353978   -9.269613   13.474976   3
   11.721906   10.156601    1.779981   6
  -21.206416  -13.850498    2.118016   5
   -5.023004  -11.528709   22.765140   3
    5.742702   15.528550  -10.623173   6
   -9.579216    5.534780    0.732774  11
    6.473084   -8.288539   18.227489   3
    4.945011    9.705467   -4.327511   6
   -2.450461  -13.339408   21.004648   3
    6.985509  -19.238977    5.131125   9
   -4.923317   -7.590973   18.704801   3
    5.055680   -5.192190   -3.875196   8
  -11.823371   -6.215702    0.458825   5
   -0.789372   11.261324  -11.011598   2
    5.885784   -2.561846  -10.545348   8
   -5.710051   13.167384  -12.095481   2
   -5.469591   11.607199   22.012290   7
   -1.649594    7.117869   -3.089335   6
   15.033260  -16.120518   -0.985122   8
   11.199929    3.420326    9.436100   1
  -13.578969    0.818947   10.816924   7
    1.570538  -18.385400    8.076252   9
    5.089615  -18.703106    8.133477   9
    0.079178    1.826821    7.493995   1
   12.315176    7.425636   -7.357513   6
   -6.560823   11.603311    9.288183  11
    3.781992    3.836204   -2.672498   6
    4.380909    8.577218   -7.627606   6
   -3.803627   -4.877136  -23.350318   4
   -4.904031  -12.336855   17.231829   3
   12.945025    8.918419   10.322909   1
    7.175971  -16.201192    7.168034   9
   -9.400592   12.170166    7.572989  11
   -7.783759   -3.767328    6.754915   5
   -0.090921  -13.975495  -22.881215   4
   10.369039   -7.353255  -11.367249   8
  -10.739378   -1.076128   15.002490   7
    4.016151   -9.908574   10.373300   9
   -6.109951    4.878917    3.949681   7
    6.103641  -16.877650   18.887631   9
  -15.839007    7.581331    6.131866  11
  -15.664435    5.820204   14.628266   7
   11.875623  -14.076307   -6.535504   8
   -1.565924   15.372338  -15.489693   2
   -6.808849   -5.430185   13.443794   3
   10.168975   -9.886054   -3.813970   8
   -4.670552   -6.687821   15.460060   3
    3.079557    5.354765   -7.431731   6
  -18.428678    3.500913   14.238376   7
   13.845570  -10.697442   15.920563   9
    6.265065    6.549394   -2.938621   6
   -6.325061    7.262409  -11.675143  10
    8.246028   11.182873  -10.605875   6
    5.402945  -16.396697    4.531926   9
  -18.982618    2.890210  -12.632373  10
   -8.301749    3.184404    6.847639   7
  -14.935624   11.045646  -11.190989  10
    9.189786    5.947254  -15.856642   6
   13.336189   -9.741266   -8.987238   8
  -17.643646  -14.004764    5.746736   5
    1.777602  -13.866843   13.498515   3
   19.711800   14.342260   -3.797624   6
   -6.301178   -2.164642   10.822086   7
  -10.663993  -13.163920    6.937099   5
   -6.193295    0.776910   12.937105   7
   -0.983036  -20.010892   10.965220   9
  -14.269285    2.516655   14.516816   7
