   -0.461818   24.421299    8.453669   5
   13.282262    0.665293   13.769986   6
   -5.945244   -3.641314   12.926480   3
   15.554223    9.716913  -11.190884   9
  -10.634539    6.505020   11.878252   3
   -5.430173  -13.807800   12.075111   8
    9.544195   -3.478121  -20.304872   4
    1.959723  -15.458056    3.867750   8
  -13.583348   11.811761    0.094770  10
   -6.409302    8.148446    7.935958   3
   -1.835411  -19.532497    4.778085   8
   -8.028450  -12.598623   -2.748236   1
   12.816398   11.801510  -11.418420   9
   10.246241   -4.218343    7.010544   6
   -3.528245   -3.095605   -6.116960   7
    9.894112   10.860256   -9.674574   9
   11.592394   -3.708776   17.440622   6
   -7.724579   16.885488    4.370186  10
    8.671369   -5.061603   18.273553   6
  -12.476288   -0.251418  -16.499580   7
   -1.703517   21.552276    5.013604   5
    8.284628   -9.484451  -15.721064   4
   -7.396392  -19.486334    0.490330   8
   -7.282686    3.216476  -16.114187   7
  -16.400672  -19.728083   -2.759094   1
   -9.372822  -15.006391    2.086809   1
   11.931004   13.426033    8.513968   2
  -10.142466  -10.182192   11.069134   8
   -2.742047    2.949376  -16.911956   7
   10.322105   14.049086  -11.147058   9
  -10.077242  -18.096269   -2.523189   1
    5.622264   -4.570509   16.627560   6
    6.720522   -6.379085  -16.622395   4
   -1.424159  -13.298994    8.916777   8
  -10.671194  -16.055692   11.118121   8
  -11.918443   11.972768   -6.142825  10
   -4.504076   -0.863761   18.794684   3
  -20.124988   -7.174277   -1.201934   1
   -3.709428  -18.167556    2.153701   8
   -5.179719    4.184783    9.211844   3
   14.190962   -3.480563   12.766209   6
   11.959140   -0.190143    9.004647   6
   13.800887   -2.115972   15.762285   6
   11.639047   -0.170807   -7.777240   4
  -10.018452   -0.987788  -18.701393   7
   16.074144   19.204503    2.007833   9
   -7.362628   10.004104   -9.167868  10
    5.591107  -11.046672  -18.143762   4
   -6.913262   13.929249    5.613392  10
   -8.062454    3.654918   -3.963909   7
   -0.721150  -15.666820    8.959139   8
   -0.768882   -0.666224  -11.784767   7
   13.598648    2.294840    8.208729   2
    0.718359   -3.843483   13.822566   3
    7.698290  -12.466492  -13.039310   4
   -5.953897    3.882663  -17.643253   7
   -3.189485    2.031838   20.070886   3
   14.068199   -4.553766  -10.388945   4
   -1.914914   -0.313018  -17.317356   7
   16.155360    9.895747    3.441702   2
    6.616487  -10.283665   -2.620108   4
  -19.308467   -9.062853   -6.435288   1
    9.983702   -2.654923   20.163751   6
  -21.360259  -10.931430    3.290334   1
  -14.452014  -17.074013    2.899976   1
    6.525551   -2.176295  -19.360843   4
   21.821210   11.898635  -10.662731   9
   12.697243   -0.864368   18.871679   6
   -1.114906  -17.375890    4.391777   8
  -17.674950   -2.590575    4.309640   1
  -12.166101   -3.438812    2.165006   1
  -16.755978   -3.598065    1.483322   1
   22.708735   16.489566   -3.025559   9
   -5.861747    5.753613   -9.722749   7
   -3.033825   22.870947    6.915880   5
   20.618569   16.149864   -2.887525   9
    5.626661    1.236821  -13.245707   4
  -11.431568   -3.420946  -16.810418   7
   -4.348624   15.127934   -9.228662  10
   15.370722   -0.226484   13.380172   6
    8.186374  -12.359909   -7.592652   4
    4.689303    4.232286   20.752872   6
    6.930064   27.232404   -1.985288   5
   -3.918282    6.139259  -16.097453   7
   20.913897    9.162886   -8.799629   9
   -4.897515   19.046913   -4.759695  10
  -18.245904  -11.665437   -8.308989   1
   20.487925   19.296514   -3.550021   9
  -12.898057    1.137277   -7.026130   7
    2.179279   -8.670746  -14.145209   4
    2.458459    2.467797   18.771908   6
   19.324796    6.886384   -6.823583   9
   -1.629039   29.049771    4.749381   5
   16.107010   13.021780  -11.329861   9
   12.761457   -1.666358    7.282741   6
   -2.753658    8.166091   12.707322   3
   -1.635884  -13.777892   -3.088347   8
   -7.125088   -6.688090  -17.276113   7
    5.939465   29.014515    0.826482   5
   12.445640   -5.867468  -15.764124   4
   -8.485739   14.888881   -0.036895  10
   14.250926   -1.087219   10.312388   6
   -0.227968    0.915275   16.856588   3
   11.179249   -2.264347  -15.701027   4
    9.039626   -8.058015   -2.731928   4
   -6.089737    2.143291   18.269947   3
   -8.797528   -7.355384  -14.463954   7
   -1.371248   27.980154    0.895209   5
   -4.898537  -20.381932    5.953546   8
   21.000409   17.915436   -0.583368   9
    1.551189  -14.122597    6.891530   8
    7.528596   -2.849141    5.279396   6
   -5.772636    7.596365   16.513133   3
  -10.471136    5.579528  -14.238399   7
  -11.471992    2.062229  -18.791910   7
  -17.503512   -7.193059   -4.693422   1
   12.187334   -3.786647    9.928825   6
   11.647256   -2.430841   -5.213066   4
  -13.116777   -2.230186   -0.986499   1
  -13.092721   17.756488   -6.441115  10
   -3.527192   28.884174    1.735902   5
   -2.103101  -13.512085   11.334516   8
   -3.882167   21.275431    1.030930   5
  -15.485058  -17.750562    1.408668   1
    1.184266  -16.694448    0.811850   8
  -10.839941   20.226414   -7.380535  10
    2.761992  -10.850594    7.352208   8
  -19.843289   -8.122277    4.991526   1
   -2.383800    5.357718  -10.534345   7
  -10.159277  -16.705215    4.949146   8
   -7.675920    4.789905   16.740773   3
  -17.948579  -14.732281   -6.954795   1
   -9.260821  -15.860959    1.560178   8
   -8.093906   14.769984    3.489091  10
   11.258190  -10.369552   -7.674158   4
    5.709800  -11.733131   -5.422561   4
   -1.422899  -18.765482    1.468680   8
    1.499983   29.205445   -0.869408   5
   -9.581601   -7.982836    4.152933   1
   -1.597127   22.594244   -5.172144   5
   12.350099    2.496514   19.015359   6
    1.209827  -18.852507    3.393906   8
  -21.187996   -7.705266    2.076928   1
    8.914598   -3.797159   15.794102   6
   -7.876042    2.053836    9.664185   3
  -10.283566   11.715458   -6.115149  10
  -16.550002   -5.198937   -3.957126   1
   12.632110   -2.237590   11.858685   6
   -0.640288    1.322747  -14.655243   7
   17.123931   19.279249   -8.929371   9
    5.218144    7.606453   16.187508   6
   -7.209090    5.164631  -13.115785   7
   10.867514   15.882785    0.487083   9
  -17.925763  -15.108203   -1.353480   1
   -0.128549    4.374329   16.743545   3
   18.074413    4.641728    5.680325   2
   -6.660142   16.650881  -11.037147  10
   -4.630424   21.057022    4.425073   5
   13.583123   15.153184  -10.954564   9
   13.937134   -2.021284    2.924401   2
   -1.307440  -16.925716   -1.440200   8
  -12.005637   -5.878397  -14.517393   7
   -7.299269  -16.326102   10.928248   8
   21.636239   10.748175   -5.182173   9
   10.631164   -5.201923   12.628115   6
  -13.584776   14.789007   -4.891286  10
   -7.612959  -19.538699    4.006563   8
   -8.111792    1.602195   15.625361   3
  -11.770641   14.822495   -4.895439  10
   -8.658083    2.083537   13.850541   3
   16.447427    8.517971   -2.458723   9
   -1.306089   21.241161    9.172204   5
  -13.675695   -2.718171  -14.354529   7
  -10.316860   -0.789852  -11.650405   7
   16.209377    5.841387   -7.371187   9
   -3.587127   10.123711   16.246292   3
   -7.702823   -7.772760   10.778863   8
    0.308518  -17.338411    6.326648   8
  -15.128314   -1.798689  -11.377618   7
   -8.666586   18.368850   -9.071692  10
    9.990133  -12.082840  -10.506834   4
    7.915514    5.623737   20.699317   6
  -10.262716   -8.019343    8.395218   8
   10.819833  -11.177823  -13.608457   4
  -21.254559  -13.673596    1.197327   1
  -13.517318   11.898646   -3.207474  10
   -9.864068  -15.026090   -4.396972   1
   -7.777000   -0.762997   17.909182   3
   14.950956   11.876630    9.166067   2
   14.330172    4.194187   -3.317615   2
   -3.351432   -1.941537  -19.965069   7
   -4.148878    1.420966  -16.597678   7
   10.878927    6.072459   -4.994734   9
    0.069664    7.418048   14.867164   3
  -19.806312  -12.257747   -5.369220   1
   -0.986247   14.778993   -4.582190  10
   -3.329890   -6.981362    6.954030   8
   13.068656    4.268252   16.313856   6
   -7.802755   -0.803439   11.935643   3
  -17.180785   -8.611822    7.182302   1
  -14.519661   -3.981500    4.406672   1
   11.719506   -5.792187   12.486273   6
   10.134485   -6.126535   15.481283   6
   -3.641744    4.035120   -7.727992   7
  -10.542493   20.135097    0.934090  10
    6.214888   -0.022798    2.421145   2
    3.133468    0.432833    7.461923   6
   -0.135961   11.523814   -5.498467  10
   -7.516501   -6.121148    7.856552   8
   -6.927248  -17.393120    3.618645   8
   -1.013400   -7.676306    2.917829   8
  -15.323527   -2.040525    1.656865   1
   -3.610110   -5.421210   11.056941   3
  -14.170943    9.010086   -1.777693  10
    0.131764  -14.290713    5.603065   8
   11.932436    5.175735   -5.633399   2
   -0.268143   24.378855    6.368149   5
    8.768282   -7.627311   12.844646   6
  -14.235067   -6.492757    6.867065   1
   10.839129   -8.972386  -16.570533   4
   -7.522313    0.276676   -4.343557   7
   -6.973607    5.092244    6.397136   3
  -11.764627    9.155196   -4.367474  10
  -10.185569    3.428813   10.436856   3
   -1.561090    5.118582   19.426766   3
    3.725403   -5.467201   15.561542   6
   -4.019207  -15.482563    4.593983   8
   -1.742571    0.937855    5.226424   3
    7.634895   27.249932    3.242620   5
   -2.060275  -10.179330   10.626063   8
    7.929464   -8.689765  -18.335489   4
   10.326568   -6.210114  -18.544054   4
    9.076980    8.609111   -3.631311   9
   -0.508087   -2.580049   16.926619   3
   -3.847460   -6.917113  -17.207406   7
   -0.663711   -8.475843    5.565429   8
  -12.381234    4.043993   -9.094973   7
   -0.499350    7.682872    7.359352   3
  -18.546139   -2.676241    0.988174   1
   -0.325438    8.963251   15.588757   3
   -4.279373    4.578409  -14.962418   7
   -6.084223    9.538017   13.791148   3
   12.755292   -7.126490   -8.588228   4
   -4.322025   -5.028023    7.261031   8
   -8.258186   -1.708650   14.559421   3
   -1.807307   -3.643236  -12.270905   7
   10.802056   -5.966581   -6.080031   4
   -4.626686    0.978714  -19.023585   7
  -17.461310  -13.937464    6.801131   1
  -15.195062   -8.396877    4.583157   1
  -16.168853   -3.285948   -1.267666   1
   -2.080777    6.853232   -2.569699  10
    8.779411  -10.256134   -5.194702   4
    7.838396    0.201968   -6.693902   4
   13.510671    1.514827    8.287906   6
    9.818234   -7.458584  -10.405138   4
    9.641171   -6.019444    9.874473   6
  -13.759796   -4.702672    0.227881   1
   -9.687625  -17.330756    2.395282   8
   -8.666222  -13.279171   11.265371   8
   18.873812    7.600718    6.402710   2
    4.568723   -7.762055  -18.273995   4
  -21.316257  -10.305745   -0.088018   1
   -7.008158    1.558247    7.022057   3
    7.356926    2.381781   21.789779   6
   -3.344349  -16.051207   -0.760773   8
   -0.181402   30.032375    1.882914   5
    3.191050   23.545393    7.327899   5
    7.916822   25.470725   -3.244858   5
   -2.539202   -7.055930    9.306408   8
    4.423911    0.775008   20.893374   6
   22.134196   14.746310   -8.636175   9
   -6.732246    2.197173   -6.460093   7
   -9.070071  -16.479424   -0.875526   8
    5.215090   26.475516   -5.026622   5
    0.995516   -1.233061    5.490888   3
    7.883915   20.309944   -5.951207   5
   -0.400958  -17.243508    0.924780   8
   -4.064831    5.042674   12.498382   3
   21.698973   17.195161   -6.196229   9
   -5.355476   -5.453647   10.396477   8
   -7.018280    4.002128   -7.182171   7
  -13.549821   -4.658544   -3.128872   1
   -8.957058   -7.336664   -0.573189   1
    6.534645    3.411061    2.706766   2
  -10.707838    1.739036   -3.720875   7
   17.793624   13.356239    7.878741   2
   12.715512   -5.446458  -11.246322   4
   11.273779    1.251251    5.757671   6
   12.669707   18.547389    1.927658   9
   -6.812757   -1.475811  -19.839960   7
   -3.960792   -3.972254    7.936669   3
    4.071375    0.553552   18.485212   6
   -3.483430   -5.588275    3.946052   8
   13.990926    8.172245    6.782822   2
   -6.096549   -4.723040   -5.391926   7
  -10.027987   -5.446473  -15.715650   7
    0.001290    2.430870   18.636247   3
  -11.435784   -8.591569    2.938908   8
   -1.368960   25.959189   -5.484218   5
  -11.943033   -3.308564   -9.810988   7
    8.574659    3.650538    5.527616   6
  -12.771097    3.780079  -12.429057   7
   -4.052490    4.335877  -11.377423   7
    9.983017    7.989787   -7.663140   9
   -3.345322   22.357835    1.870845   5
   -4.233579    7.848625    9.533303   3
   -9.249391    6.297082    8.706871   3
  -12.151878    2.991801  -15.581528   7
   -7.463810    6.739339    9.079521   3
   -3.722795    6.356549    6.635268   3
  -20.983795  -12.770144   -2.256563   1
  -19.369805  -13.741068    3.967060   1
   -5.749234   11.032901    5.785210  10
   -3.254078    9.612116    7.597630   3
   13.251731   -5.362835   -5.848101   4
   -5.930029  -18.687091    8.886745   8
   -4.376532   11.678542   -9.373991  10
    1.829934   -1.129785   11.639883   3
  -11.815940  -13.545894    5.316269   8
   -4.932170    5.301100   18.736713   3
   -2.853446   12.330108    1.189941  10
   13.723416    3.676756   -2.420225   2
    8.634314   13.732963   -4.501844   9
   11.619321   -8.171338  -13.562145   4
    7.104189   11.488766    7.745649   2
  -14.287217  -13.036898    8.157379   1
  -15.906777   -9.384326   -7.123722   1
    4.592069   28.518943    3.862716   5
    8.969770   14.497901    7.604719   2
   -1.770984    1.955972   -9.896906   7
   -8.716098   14.007920   -8.492935  10
   -3.557303   -0.525614  -11.868481   7
   -3.330002   -3.760172   -4.094896   7
   10.538102    3.681224   21.696553   6
    8.726606   -9.846750  -12.416986   4
    6.928022   -7.027949   16.099265   6
   11.876529   16.179957    6.894219   2
   -3.489657   -2.915330   15.001969   3
    2.720052    7.989550   14.659133   3
    2.524563   18.552737   -4.486677   5
   -2.361079   19.617756    6.379947   5
  -10.817205    9.934569   -3.076504  10
    2.976986   24.996323    7.898611   5
   -9.225456   -5.275893    2.296130   1
   14.128516    0.993403   -2.120043   2
  -11.256387  -11.512833    7.516842   1
  -14.842237  -16.180455   -7.115421   1
    5.903467   -0.435639   -4.543097   4
    2.710216    6.061264   14.629254   6
  -12.221915  -17.123468   -5.246610   1
   15.985966    1.726091   10.682536   6
    3.952255   -4.303648  -18.515625   4
   17.818579    7.741124   -9.608619   9
   -4.827649    6.415926  -12.904084   7
   10.815049   -2.011753    4.466501   6
    3.705192   -2.248547   13.105903   3
   -4.788680   -0.527169    5.661948   3
   13.556238   14.962969    4.240418   2
    3.152985   -2.509042   -5.486380   4
  -10.491056   -6.646931  -17.368968   7
   15.009699    8.514043    9.850885   2
   -4.793749    0.548830    9.003861   3
    2.708925   -1.869441   12.935333   6
   -6.945296  -10.724148   12.350188   8
  -13.868047    0.644224  -13.552386   7
   12.209692    0.962941   17.153111   6
    0.117492   -8.423256  -14.554826   4
    4.229951    5.599759   16.305131   3
   -0.822132   -3.012424    7.291638   3
  -13.209691  -18.396992   -2.402958   1
   -4.284826  -16.012577   -2.878633   8
   10.919441    5.536701   18.835417   6
   18.736982   10.800707  -10.966672   9
   -2.490712  -13.176084    2.498350   8
   -9.318926    5.598728   -9.008510   7
   -5.534944   -1.211844  -14.814025   7
   16.316192    0.278948    7.475269   2
   -7.002530   19.135691   -3.694560  10
  -10.326370   -1.883660  -16.408645   7
    3.844860    3.392263    8.354517   3
   14.905244   14.652679    7.313550   2
  -17.193849   -6.380078   -6.980178   1
   -4.489749  -19.575924    2.581979   8
   16.116879    3.372271   -0.461754   2
    9.447435   -0.995878    7.140736   6
   -0.520237   -5.684261   12.487934   3
  -19.342758   -5.211017    3.167917   1
   10.926764   -0.604058   -2.194556   2
    0.526279  -12.137920    9.476397   8
  -11.561179   -5.407918    4.854892   1
   14.528534    1.106588   16.466056   6
   -0.990487   -8.510472   -0.428461   8
   11.416697   -3.147718  -17.490486   4
    0.223068   -8.986099    8.438030   8
    1.778692  -13.370165    1.108932   8
    1.187863    0.815424   16.120387   6
   -4.898112    2.589423   -4.950899   7
   10.999475    6.271212   10.353051   6
   -2.681285  -18.209567    7.755843   8
    8.288254    7.496244   17.778665   6
    9.759227   11.398330   -3.029254   9
    4.202623   -4.830906    9.642484   6
   -7.173009    6.038222  -15.196251   7
    5.103619   -7.828830   13.409271   6
    8.637929    1.862695   -2.324501   2
   12.903545   20.446435   -3.732275   9
    8.739940    4.451907   -4.659160   2
   -5.458552   -7.336760  -14.409338   7
   12.843760    5.933255   13.192594   6
   -4.426945   -8.283703   12.017530   8
   11.745780   -3.567693   -8.215105   4
   -8.053406    1.694344  -19.286238   7
    2.719482  -11.069526   -6.852139   4
   13.823307    2.035517   10.775740   6
   -5.339870  -12.453052    4.432366   8
  -16.920403  -16.838301   -4.486723   1
  -10.689443   -6.188341    1.155640   1
    7.308249   -5.932735   13.809648   6
   -6.013741   -4.739679    1.644454   8
    7.129126    2.612083  -13.245108   4
   12.927186    6.243493   -7.718851   9
  -16.087956   -8.451087   -1.682145   1
   -2.538700    7.001845   17.003932   3
   17.652871   11.406644    2.307938   2
  -11.804890   -0.048186   -8.484625   7
    2.743969   -9.793813  -16.506784   4
   18.582936   10.852540    5.473349   2
   18.016490   11.050791   -0.133716   9
   10.979635    4.230837   16.373681   6
    7.988126    8.030478   14.357408   6
    2.639742    6.863531   11.979749   3
  -10.240845    5.345485  -11.007201   7
    5.803978    0.647551   -9.597942   4
   18.178597   11.852060    2.681579   9
  -14.275259  -16.419098   -5.317675   1
    4.940562   -0.724519    4.678343   6
   17.769411   19.171259   -5.074324   9
  -19.604485  -18.582163   -3.262732   1
   13.418934   -5.521260   15.387779   6
  -19.689654  -16.631660    2.158955   1
   -9.954201   -5.958647  -12.174792   7
  -12.727711   -8.844214    2.201106   1
  -14.731116  -19.140062   -5.642525   1
    2.609315   16.909515    7.013877   5
   17.772085    6.404856    9.530742   2
    9.399472   11.803453    9.982635   2
  -10.369180    3.405962   -6.497777   7
   10.824772   -5.285282   -3.530625   4
    4.686338   -2.599818    7.321882   6
  -19.600397   -6.402268   -4.507028   1
  -11.646032    9.238230    0.432616  10
   -6.334526   -2.510157   -2.713774   7
   14.739624    3.149848   13.638842   6
   -3.206708   -9.642171    3.373428   8
    8.182535   -4.807433   -1.312433   4
  -11.184063  -13.312575   -2.622300   1
   -7.186987    7.432105   -6.942361  10
  -13.467052   -4.939505  -11.664918   7
   -4.008166    0.377663   -7.251958   7
   -9.140904    4.072648   13.684054   3
  -14.204843    1.563325  -10.270963   7
    6.404510   22.179175    7.029927   5
   10.055367    0.636762   20.603674   6
   16.760536   16.303288  -10.383657   9
   -4.154725   -1.386724   12.048291   3
    3.795446   -2.295911  -10.465221   4
  -19.759532  -12.875112    0.587462   1
  -14.116316   -3.579530   -8.672591   7
   -4.348159    8.689280   -7.843567  10
   -8.918963   11.136809    4.855077  10
   -9.785699   -6.877242    5.023307   8
    6.319651   22.220713    1.025411   5
    8.031859    6.415031   15.459955   6
    8.937882   -2.990704   -5.977400   4
   -8.536552    7.371024   14.378276   3
    8.271250  -11.113335  -15.996284   4
   16.636083   13.614412    4.685128   2
    6.184672  -10.807631   -7.197532   4
  -14.018285   -8.173383   -4.520420   1
   11.463712   -0.237982  -12.516570   4
    0.650696   27.054633    6.606745   5
   -9.257818  -18.128070    8.880055   8
   20.356081   16.629045    0.603446   9
   10.124737   -4.301275   -9.128852   4
    5.160646    6.246474   13.056752   3
    4.512214  -10.942751  -13.027984   4
   -1.542498    9.385036   10.167422   3
   -2.428404   -5.681730  -14.349114   7
   -4.440041    3.105931    5.514480   3
   -9.509463    6.627824   -4.674995  10
   -1.437451  -10.499279    0.408957   8
   -9.956732   -5.990738   -8.580635   7
    8.541374   -2.602305   -3.722809   4
    7.018195   -5.191717    7.753897   6
   -7.826271  -10.726161   10.331827   8
   -7.910360    8.238182   11.090837   3
  -12.627598   11.069621   -0.228394  10
   -5.365109    5.035848   -2.330895  10
   10.953804    6.895636   15.772051   6
   -0.648671    5.404945   12.150712   3
  -19.354410   -9.563234   -2.612548   1
   14.392509    5.153164    9.779169   2
    5.000473   26.895205    2.881859   5
    2.976752   -2.066191   16.415971   6
  -12.187605  -13.951893   -6.600070   1
   -5.399958    1.798509   -9.811886   7
    7.017318    7.274550   -3.862956   2
  -12.085078   -6.307820   -8.722285   7
   -4.366650   -9.744271   -0.154949   8
    2.030658   -4.243000   10.678464   3
   11.880891   -2.133397   15.230143   6
  -11.081188   -8.398521   -5.534209   1
   -4.151987   -0.589600   -4.330913   7
    5.648051   -7.076309   -2.232459   4
  -14.443549   -1.787590   -5.651593   7
  -11.025415  -10.846522    0.288403   8
    2.045744   -3.728560   12.742827   6
    5.010820  -11.817458  -14.993482   4
   20.045985   15.566583   -8.186496   9
   -6.788807   -4.877309    9.754998   3
    5.369357    7.429205   19.582941   6
    6.069684   -2.571121   13.674099   6
    8.978307   -6.458939  -13.848322   4
   -0.442344   24.172812    2.841538   5
   -2.027409    8.685853   -5.325313  10
    7.580364   -6.132711   -7.697082   4
   -4.002343   -4.509710  -15.570654   7
   -1.352462    4.108136    6.603870   3
   -4.542988  -13.833156    7.654347   8
    6.858809    4.114987    7.219674   6
   -3.087064    2.917338    6.946064   3
  -15.388019  -14.163273    1.081621   1
   15.314485   13.929415    1.591594   2
   13.254555   -3.304500  -13.596734   4
    0.745432    9.670764   12.533528   3
    9.576547   19.578150   -4.105924   9
  -11.646747  -15.139328    4.302636   8
   14.161089   -6.664365  -12.896379   4
  -17.143304  -14.252041   -4.794443   1
   12.408478   -0.161874    0.615433   2
    7.343411   -4.265049   21.270898   6
   -6.670072   -5.029544    4.855039   8
    8.596451   10.263556   -3.076757   2
   -5.213262   14.517800   -7.808396  10
    8.511833   22.050036   -3.238150   5
   19.358958    5.114628    3.968892   2
   11.378357   -8.217804   -5.235128   4
   -6.905209  -11.086631   -1.843151   8
   -4.168283  -18.653398   -0.595092   8
    6.781418    2.545730    0.423938   2
   12.425728   -1.682297  -10.791364   4
    1.945627  -11.078994  -13.363441   4
   10.973085   16.587069   -9.014530   9
    0.490453   -4.099574   10.291546   3
   -7.181715   10.196991   -3.060570  10
   -0.499892   19.773740   -3.595151   5
  -15.611920  -17.533761   -2.065742   1
  -15.722433   -0.544397   -8.314995   7
    5.397497   -3.658360   -2.947071   4
    3.955706   -1.005173  -17.457190   4
    2.712125    0.397845  -10.805312   4
    5.241212    7.194402   12.772612   6
   10.873148    8.475222   12.733691   6
   19.679853   19.749948   -6.791674   9
   -6.831474   -0.627073  -11.787781   7
  -14.048999   -9.610816    7.907138   1
    1.910388   22.155354    9.383630   5
    5.231866   22.733496    8.974098   5
    5.285813   -1.707275   10.357130   6
   -9.058123   -5.721505   -6.705643   7
   10.054995   -3.388724  -12.434562   4
    3.231906    3.395007   16.610213   6
    5.580326   -2.374407   -5.634348   4
  -12.599645  -16.012788   -0.247202   1
    0.129914    9.699640   -2.751896  10
    7.301046   -0.963145   21.684952   6
    7.438691   -4.494178   10.840591   6
   -2.104992   -9.685932    8.770475   8
  -20.581572   -9.572275   -3.413098   1
   -6.866238  -18.227246   -2.649260   8
   -0.223233  -10.015584   -8.359168   4
   11.629764    2.201865   -3.985508   2
   -3.730684   -4.707124   -9.573514   7
    1.421597    4.591912    9.353296   3
    1.826661   -6.540103  -16.820651   4
  -15.309175  -12.759950   -7.140297   1
  -17.384079   -5.739092    5.800631   1
   -8.660692   -3.994139  -18.651583   7
    0.940566   -8.540031  -11.310882   4
   -2.502004   -3.408215   17.576187   3
   -0.402833    8.535159    0.343446  10
  -12.094654    2.340496  -11.169619   7
    7.010916   -5.533124  -19.084880   4
  -10.028713  -14.717103    8.095716   8
    3.964959    1.276526   13.415740   3
   -1.877478   -1.637556   -9.046150   7
   -3.346274   -4.955557   -7.146090   7
    1.883153   26.848118   -6.198360   5
   10.881557   -0.514704  -15.628009   4
  -14.782978  -19.122060    0.319245   1
    4.024974    4.413530    0.189640   2
    4.520516   -5.453976   -9.082569   4
   -7.690386  -18.931365    6.669544   8
   -3.731710  -11.278362   13.253671   8
    8.906501    3.923212  -10.876835   4
   11.059581    3.920671    7.855431   6
   -8.158588  -20.635827    7.109400   8
   -5.358498   -3.726304  -12.211812   7
   -2.174781   -1.159683  -15.114660   7
  -14.006031   -6.714768   -5.774612   1
   -0.473106   -2.168451  -14.782820   7
   -6.417863  -17.252123    0.155257   8
    8.585545    2.121986    3.520432   2
   -6.259240    8.055966   12.249619   3
  -10.113846    8.465331    3.244008  10
   -2.574681   10.027971   13.174892   3
  -16.271142   -4.912777    4.667158   1
   -8.328224    5.635669    2.838010  10
   -1.985923   13.548835   -7.730508  10
    4.898759  -13.122142   -8.385061   4
   12.302121   -9.624286  -10.825862   4
   -8.956195   -3.144504   -4.664371   7
   18.907141   14.185800    2.850518   9
   14.437878   20.601125   -0.739288   9
  -12.340325   18.294016   -4.481562  10
   -1.364680   -3.237125   -9.613398   7
    8.964635    1.568639   -8.566258   4
   -6.900417   11.196231   -7.311639  10
    2.773003    7.642502    8.321354   3
   10.981757    4.236334    8.801823   2
  -17.440493  -16.359152    4.517287   1
    7.523846  -14.412206  -10.256045   4
    3.972451    2.942325  -12.743662   4
   11.350512    1.282037   -1.378636   2
   14.063068   17.973795   -9.210345   9
   18.008069   19.736855   -0.851239   9
   -9.141771   -8.304400   -8.801330   7
  -11.859971  -17.092826    0.496886   1
    5.341077   -5.373894   18.604199   6
    0.912990    1.213269    8.825053   3
   -2.421960   -3.711005  -17.105211   7
   -9.571666  -15.116283   -1.158961   1
    3.785799    8.726026   11.354660   3
    1.394672  -14.790556   -2.060561   8
    1.580093   29.742169    4.756297   5
  -20.108980  -15.378820   -4.374740   1
    8.757647    1.572250  -11.601185   4
   14.574229   17.197732    4.435376   9
    0.980120  -11.206821    7.122191   8
   -9.240375    4.127581  -17.073000   7
   -1.170333    0.125696    6.196445   3
   -9.019836   -9.333662   -3.165968   1
   -4.254993   -1.968127  -18.117432   7
   10.435922    2.353922  -13.681810   4
   10.652192    9.087251   -5.309244   9
   -2.105586   13.814496    1.990383  10
   -5.776768    5.801375   -0.259226  10
    5.338673    6.002803   17.735660   6
  -16.889539  -11.835322   -1.371213   1
  -10.639669   -7.202092  -11.616030   7
  -13.744160   -0.837180  -11.532102   7
   -0.083796   -4.387606   15.633877   3
   -8.818088  -12.734382    0.494263   8
    6.148422   10.511577    4.906449   2
    2.883108   16.732117   -1.476838   5
    1.347428    2.026959    6.455193   3
  -10.032111   14.403773    4.071560  10
   -7.762865   -9.811254    4.292515   8
  -19.077706  -11.131972    5.843909   1
   -5.276286    8.604466   -5.581139  10
  -10.163351    1.590146  -17.243755   7
   -2.780507   17.113708   -2.996574  10
  -14.636746  -14.242204   -2.422600   1
    4.269466    3.808716   11.179429   3
  -12.728338   17.684073    0.035205  10
   -5.142740   24.505337    5.054423   5
   -7.252857   -8.060607  -11.638421   7
   -7.552529  -10.440209   -0.257971   1
   -9.932375  -17.901879    5.675363   8
    5.076636    3.069193   14.281216   3
   10.463416   -3.376032    9.532055   6
   -9.625951   -1.167403   -2.054413   7
    8.755418    3.763105   13.602983   6
   10.505889    1.298819   11.942241   6
    3.540858    3.850447    8.074395   6
    4.374106    0.466986    9.900990   3
  -14.507552  -15.539168    6.030206   1
   -2.076813  -16.495223    7.661403   8
   -1.179539   -0.642394   19.171841   3
    9.299270   16.458909   -2.471657   9
   11.508217    1.679845  -10.686633   4
    5.341975    3.170722    3.291374   2
   -5.500353   -2.769431   16.129697   3
    1.296379   -8.868360    5.037549   8
    0.845991   -5.440403  -13.644908   4
    6.821977   -2.701721   -8.668915   4
    7.344964    2.995774    6.215616   2
    9.158184  -10.460818   -8.889854   4
    4.757819   -9.487393  -16.331095   4
    0.731328    4.128304   16.405761   6
    5.439058    2.217241    5.857071   6
   -9.888899    3.077014   -8.297584   7
   -7.365465  -15.022495   -3.453859   8
   -0.612211   -6.776787   -8.648554   4
  -13.688712  -10.896427   -2.692353   1
    2.668497   -5.264837   13.839949   3
   10.947423   -0.222567    3.590537   2
   -6.716556  -14.522203   -1.771345   8
    5.333662    6.509478    9.323300   6
   -8.629764    2.347942  -11.351814   7
    6.894768    6.423890   12.002914   6
   15.038579   19.952506   -6.431081   9
  -13.120707   -5.665238    3.569906   1
   -5.371627   -1.894044   -9.044227   7
    6.334880    1.175979  -18.876208   4
   -6.790969   -1.748988    8.104859   3
   17.922067    9.907817    8.714626   2
   -6.875227   -7.450856   -0.441973   8
   -2.175265    4.438914  -13.775437   7
  -12.417765   14.685650    1.714876  10
    9.461015   23.847853   -0.557848   5
    6.235768    3.066897   19.736530   6
    5.590409    5.701867    6.080542   6
   -5.255950  -17.385738    8.935130   8
    1.559406   -2.445486   15.816814   6
   -3.009647   -4.212781    9.942142   3
    2.114540  -12.088696    4.258730   8
    0.542217   21.150464    7.592960   5
    4.316777    0.021220   15.495690   3
   12.873573   11.710622    7.396733   2
   -1.392604   10.288378   -8.386835  10
   -9.886747    3.346686    7.116000   3
  -11.814321   -3.354573  -13.272167   7
    0.835113   19.746509    7.209002   5
   -6.904460   -6.313220  -10.502856   7
    8.018268    7.826023   11.048901   6
   -8.387437   -0.071153   -8.613396   7
   -3.538764   -6.634610    0.659735   8
  -11.859635   -4.091797   -6.239892   7
   -0.987501   -0.600821   13.715925   3
   -4.512029   15.628284    3.796689  10
   -0.597604  -13.838778   -0.232948   8
    4.049112   19.608427    8.426940   5
   -0.813291   -5.577172    9.056521   3
    0.321553   24.058762   -7.564703   5
    9.873486    2.272120    7.460382   6
   -7.225208   -0.067669  -17.553791   7
  -12.523089  -11.868817    0.419409   1
    3.421524    8.498070    4.625648   2
   -9.701928   16.769780   -2.787339  10
   -9.227793    0.810938   12.451344   3
    5.849749    2.136330  -10.040812   4
    2.358431   -0.937526   18.703112   6
   12.128611   10.160772    9.085385   2
   10.042293   -5.339794  -16.891780   4
    9.388722    0.557799   15.231817   6
    4.129196    0.101371   -7.546344   4
    3.136004   -8.083958  -10.960438   4
  -17.266881  -18.980728    2.790867   1
   -6.100174   -6.592130   -8.424841   7
    6.182210    0.942235    9.068302   3
   -9.876255   -9.324458    0.080142   1
    7.948732    3.264936   10.368456   6
   -3.177691    5.920047   15.682435   3
  -21.279708   -4.595736    0.485509   1
   10.277552    6.806931   12.611154   6
   -8.623201    0.519153  -14.423020   7
    3.330474   -8.377932   -7.409961   4
  -12.942639  -10.537820   -6.954273   1
    5.929427    0.086957  -16.573330   4
   -6.554551    6.120436   15.062607   3
  -12.199275   -9.761827    5.732141   1
   -8.567882  -13.575659    4.100538   8
  -11.389398   -1.118541   -4.862198   7
    9.982414   -1.525349   18.287366   6
   -8.193941   11.164341    3.350940  10
   -5.566860   -7.435063    1.345714   8
  -12.412894  -11.932546    3.292694   8
    1.336418   10.311597    9.277063   3
    9.189715    0.083171   -5.465320   4
    9.566000   19.009187    2.660651   5
    3.228100   22.190645   -5.280593   5
  -16.534137  -10.680837   -4.638871   1
   -1.871488    5.499687    9.028358   3
    6.515577   -7.143664   10.384169   6
   -7.136918  -14.358014    9.917166   8
   -0.241874    0.221077   -8.618252   7
   -5.848975  -10.870037    1.422151   8
  -11.270796  -15.707219    7.707938   8
  -11.686087    6.752291  -11.263866   7
   15.625862    7.572769   -1.776318   9
   13.570848    4.134298   10.401038   6
   12.468197    8.527120  -10.327242   9
   -3.505555    5.617204    0.196242  10
    2.345914   -2.379950   -8.828432   4
  -15.817881  -11.360454    5.753637   1
   -7.207474   20.545983    0.223127  10
   -9.007455  -10.225989    5.393476   1
    2.680852    4.554000   14.457541   3
    4.355922   31.008976   -1.362747   5
    4.726379   -2.029846   10.003316   3
  -19.266239   -4.129788   -2.157772   1
    3.933118   -0.031475    7.065388   3
    0.275736  -11.220873    3.454032   8
    9.866316   -0.980792   -9.539055   4
   -7.470606    7.668939    2.506519  10
  -10.646769  -11.016224    2.974966   8
   16.330289   20.900853   -3.450660   9
   12.808074   14.430498    3.359868   9
   -5.377198   -8.521600    9.741046   8
    2.722390    2.747006   16.753653   3
   22.770978   13.333253   -2.656469   9
   -4.726364  -12.745196   -3.686120   8
  -16.956564   -5.167264   -1.688555   1
    8.775011   -8.865264   -5.662711   4
   -8.485336   -2.164058   11.105143   3
    3.880160   17.047484    4.696712   5
   20.899574   16.155887    2.494602   9
  -11.165564   -8.155646    6.806119   1
    0.868343    6.040856   17.155854   3
    5.820221    0.282009   12.316041   3
   -3.105377    3.066682   16.979026   3
    0.264198  -11.546353   -1.259908   8
  -19.341112   -6.021413    0.984574   1
    4.648005    4.281853   10.000062   6
    8.764439    5.824719    1.194292   2
   14.355345   14.983735   -8.344496   9
    1.249025   -9.979535    1.751751   8
   -2.230258   -2.462755    4.616204   3
    9.288252    1.874482   18.719566   6
   -3.273862   -4.998273   14.489442   3
    2.297461   -1.161950   15.287559   3
    6.890834  -12.197420  -10.636928   4
    1.935619  -11.847373  -10.072875   4
    0.047686    8.298867   10.366219   3
  -10.146717  -11.668256   -5.292855   1
    5.852215   -7.779081  -13.520215   4
    6.020614    8.221694    7.101414   2
   12.470285    4.066289   13.239475   6
   -6.241488   -2.875277    9.707660   3
    8.454414    6.116116    8.058477   6
    3.626753    1.288743   11.517646   6
    8.285230   27.019784   -0.314155   5
   -3.559321   16.358147   -6.181789  10
   10.369238    8.804996    1.645819   2
  -10.423167  -11.408967    3.047702   1
   -1.796478   -1.896771   -6.428015   7
  -10.902206  -14.265816    1.097651   8
   11.713828   19.008092   -6.649551   9
   11.320116   18.885225   -1.190290   9
   13.269448    4.659322    6.745521   2
   -3.832084  -12.625598   -0.905256   8
    1.031080   17.603247   -1.710169   5
  -17.543075  -12.257812    3.205219   1
  -12.081527  -14.388924    2.829125   1
    7.047368   -0.294248   20.355633   6
   11.580492   17.743675   -4.118508   9
   -6.983839    5.097741   -9.545900   7
    3.026970    5.013931   11.292763   6
   -7.906922  -11.928693   -4.504429   8
    8.335705   -2.201514  -17.548123   4
   -4.494277    6.427592   -5.099502  10
   -1.571731   -0.980230    9.804626   3
   -6.970798   -6.110057  -14.283639   7
    3.104359   -5.824357   -4.122839   4
   -4.924141    9.891111    3.131030  10
  -11.121038    5.907297    1.280008  10
    7.233297   -3.572288  -14.589417   4
   -8.546806   -6.741907    5.240725   1
   -5.985907   -0.244582   14.940319   3
  -10.467480   -9.709381   -3.313384   1
    4.079718   -1.837606  -14.062442   4
   -9.050194  -12.863469    0.031290   1
    6.193238   17.000950    8.186023   5
    1.905715   -2.643015  -12.192354   4
  -15.945221   -7.007784    1.486975   1
   -8.489159   -6.904110    2.781618   8
   -6.760250   -1.410878   -5.775687   7
   -5.297485    3.033861   15.248578   3
    4.194843    7.223958   -1.837424   2
    5.958737   25.870121    6.094175   5
    3.761836   28.138592    6.927087   5
    3.276829   28.966766   -3.814551   5
    9.310816   -1.880903   12.707666   6
    5.078171    7.498902    3.479982   2
    1.991360   -0.283139   18.011566   3
    8.381222   -0.300755    9.776434   6
   -2.563596  -10.492842   -2.768705   8
   13.736746   18.135260   -6.747273   9
    7.041195   -1.619677  -11.875216   4
   18.880625    7.651431   -1.374774   9
   14.941742   18.496685   -3.518667   9
    8.171971   20.305594   -1.365645   5
   -9.022034   -9.639830   -2.170152   8
   -9.774850    0.692173   -5.599284   7
  -11.536950  -16.216238    4.224436   1
    8.970967    8.549041    8.644218   2
    8.434620    1.644791  -16.382232   4
    7.398648   -3.122384    7.739147   6
   -2.252611    2.167523  -13.468788   7
   16.864773   16.788247    1.647423   9
    6.840614    3.057235   16.391442   6
    1.223103   21.129912   -6.364319   5
    2.721996   -0.169204  -14.303543   4
   -3.910023   -2.190692    7.044146   3
  -12.697310   -7.664196   -1.229201   1
    1.645551    5.259455    6.403781   3
    2.217798   -4.240258   18.513251   6
    6.657873   -1.252316   16.920306   6
    1.614716  -14.332385    2.418386   8
    5.176828    3.763909   13.443592   6
    7.019491    0.736876   12.699961   6
    4.632838   -2.637068   20.368366   6
  -18.433647   -9.400666    0.905773   1
    5.009690   -3.261802  -17.233473   4
    1.461742   20.151596   -1.152168   5
    6.570150   -8.450238  -10.024828   4
    1.449262    2.981690   13.365151   6
   -4.044344   -6.375957  -11.462738   7
    5.921108    3.512619   11.197317   3
   -9.341440    0.412168    9.066899   3
   -5.747747  -14.350400    1.604403   8
    1.180676   -8.101751   -5.988580   4
    4.877680   25.137258   -0.095525   5
    0.733103   -3.321781   18.801440   3
   -3.849126  -16.197319   10.220325   8
   -9.868479   -2.687118   -6.883436   7
   -0.360655   12.461665   -3.355831  10
   -0.843222   27.269163    4.324520   5
   10.286553    7.532847   -3.878468   2
   -3.418403   -0.313867   17.456148   3
  -12.743501  -13.480255    6.231569   1
   -1.138970   -6.595356    6.287685   8
   -4.844998    9.473444   10.568118   3
    4.544992  -13.115570  -11.787965   4
   10.579220    8.799036    6.942592   2
   -6.112888   -6.735871    4.875327   8
  -18.376036   -7.497571    4.071920   1
    8.620522   -0.209255  -14.560721   4
    5.117419    5.471154    5.678960   2
    3.777761  -11.181811   -9.630777   4
  -14.035225  -12.869686   -5.672163   1
   13.701614    7.486314   -3.938407   2
   -8.490215   -3.050071  -13.724899   7
    1.931546   -5.064919   -7.141268   4
    3.501409   23.990721   -6.422967   5
    3.009505   -3.028850   16.345184   3
   13.198346    6.931771   -6.641232   9
   14.715142   10.271406   -6.417817   9
  -10.315163    3.619028  -14.164318   7
    4.202029   -5.242191   12.303084   6
    4.731225   14.200697    2.702151   5
   10.634660    2.006750    6.329541   2
   -4.944972   -9.868784    6.506201   8
    5.307968   -8.853733   -4.353070   4
   17.457501   13.887123   -9.673727   9
  -18.043152  -18.136502   -0.370693   1
   -5.336211   -4.304891  -18.744276   7
    1.937595   -4.290832    7.155343   3
   -2.259926    2.468041   10.589939   3
  -12.802870  -12.888561    6.645048   8
   13.395096    0.129023  -13.618396   4
  -10.698356   -4.388346   -0.732649   1
    7.172588   -5.190310  -11.181332   4
    6.229110    4.317533   -2.362456   2
    5.391657    6.270521    9.744370   3
    1.318817   -5.200827  -10.453247   4
   -1.854867    1.641474   -5.990468   7
   -4.331589  -11.840111   10.655466   8
   16.331358    6.519679   -1.692027   2
   12.008780    1.389442    5.859576   2
  -20.485127  -15.962680   -1.092896   1
   -8.056999   -8.542398    7.555850   8
  -19.891105  -12.919695   -3.165279   1
  -10.026776   21.335817   -4.368636  10
   14.848937    5.296973    0.513176   2
    8.602028    5.264598   18.922415   6
  -14.116302  -11.731874    3.379555   1
   11.561096   16.439153   -0.975758   9
   -7.494025    4.686523   12.001886   3
   19.930366   17.369421   -9.252159   9
    3.197906   27.339860   -2.308559   5
    2.930480   -1.659885   10.158979   6
   -4.976196   18.769888   -1.249142  10
  -10.304171  -11.147662    7.890266   8
   14.978506    6.404647  -10.538375   9
   11.265244    4.253744   10.052796   6
   20.383766    9.937861    0.701570   9
    1.544223   -0.430579   13.021388   6
  -18.309463  -15.725479    2.271830   1
   -2.203260  -11.748754    5.827650   8
   -3.533594    8.992237    4.463227  10
   16.994544    9.312530    0.779480   9
    8.094353    0.476031    4.707917   6
   -8.272568    6.780230  -12.070391   7
   -5.416427    1.845329   12.037384   3
    9.130800    0.109691    0.644164   2
   -1.959963    2.781851   14.170068   3
    1.748134   26.234540    0.938797   5
    5.507112    1.184861    8.415344   6
    2.430455    1.803915   10.517109   6
   -8.298401   -8.626601    2.584640   1
    3.544851   -5.981247  -15.893848   4
   -5.748076    9.415327   -0.009826  10
    3.028534    5.667330   18.055681   6
    0.937984    2.199194   12.295450   3
  -10.256638   -7.493014   -0.046297   8
   -3.504077   11.462072   -6.688027  10
   17.547904   10.566067   -8.396458   9
   -7.052510  -15.625302    6.518255   8
   20.526661   12.084385   -8.258480   9
    2.264290   -1.906335    8.442271   3
   21.961105    8.865173   -2.113026   9
  -10.826545   17.540091    3.028032  10
    4.180472   -5.500709   -5.575384   4
  -11.712593  -13.171784    9.926815   8
  -11.579920   11.555841    2.909289  10
    4.490750    0.664728   14.847158   6
   19.790036    4.596645    7.400140   2
   16.076287   14.139376    4.102502   9
    3.148539   30.702514    1.751331   5
   13.461023   -0.001221    5.667428   2
   -5.900830   13.089899   -4.652131  10
    7.664948   -5.725000   -4.370587   4
   19.433496   14.269228  -10.732883   9
   -0.495311    2.628326  -11.366586   7
   -3.257545   21.587393   -2.350797   5
    0.763426   18.782321    4.868894   5
   -9.975665   12.211612   -8.915222  10
    2.835328   -3.385622  -15.460978   4
    5.010020    1.952835  -15.815571   4
    6.501689    2.114733   -6.535925   4
   -9.497011  -13.082026   -1.737613   8
   -0.486923    3.688349   -8.186825   7
  -10.611241   -6.144008   -3.508372   1
   -2.533232   18.830482    3.004733   5
   -4.802586   27.906189    4.688260   5
   -8.742453   -9.075385    0.542364   8
   14.535140   18.536120   -0.045924   9
   23.482508   11.430858   -3.946596   9
   -8.383564   -3.302600  -10.183689   7
    3.960684   16.049864   -2.680219   5
    4.060360   -4.980358  -12.596519   4
   21.861110    8.922038   -5.546883   9
   11.632554   13.029757   -8.830691   9
    3.023302    7.804981    1.163924   2
   23.100745   11.606774   -0.495669   9
   -7.266071   -3.610389  -16.916891   7
  -10.361883  -13.201990    4.829691   1
   22.702235   15.001203    0.013790   9
  -11.508359    6.818039   -1.894133  10
  -11.488375  -14.916514    7.455485   1
   -9.661120   15.389238  -10.301669  10
   -6.771686   -4.584605   -7.369880   7
   -7.081440   13.377516  -10.250816  10
   -5.515606   18.193174   -8.113218  10
   -6.881731  -13.757373    0.199797   1
    9.667934   11.995037    0.633783   2
   -4.202809  -18.603625    5.738044   8
    9.381838   -0.596576  -18.738165   4
   -7.646464  -12.080920    7.149183   8
    8.480245    7.393207    4.304826   2
   -5.764168   -9.307198   -3.284100   8
  -15.434041  -14.971866    4.519532   1
   -3.432880   28.252321   -3.937448   5
   22.902598   11.552457   -7.376551   9
  -12.301948   -9.609702    5.956772   8
   -7.838377  -12.036283    2.808989   1
   14.624716   11.734862   -9.961899   9
    3.872483   -9.114848   -4.310302   4
   -5.711244    1.974438  -13.333645   7
   17.890830   16.994569    3.968461   9
  -20.350811  -10.193269    3.560747   1
   14.448119    0.203588    3.369520   2
   16.545889   13.278261   -6.307186   9
   24.847808   13.897963   -2.326440   9
  -10.249007    9.272737   -7.438744  10
   -1.478676    9.964467   -0.941766  10
   -1.993313   24.302875   -3.828901   5
   11.256736   13.619813    4.760429   2
    5.303351   16.466109    5.180056   5
    6.591221   12.220930    2.441124   2
   -6.982469    8.255450    4.424758  10
   14.179784    5.800636   -4.482756   9
    4.555661   20.752582   -6.296165   5
   18.092064   14.465168   -0.963424   9
  -11.810972   14.967827   -7.870531  10
   -9.493130   19.797334   -6.001136  10
  -10.605543    9.114429    1.809298  10
   17.967296   10.279094   -5.178949   9
   17.442139    6.083059   -4.193446   9
   19.425043   19.210363    2.100056   9
    5.020648   23.521263    3.998711   5
    1.275419   12.881221   -2.819354  10
   -7.458142   20.403408   -6.477738  10
    8.238793    2.804649   -0.389371   2
   21.993258   14.399545   -5.846984   9
    7.938954   25.550221    1.285700   5
   13.179680    9.828461   -3.072003   9
   -1.921673   21.489730   -1.221172   5
   10.264468    9.993708   -0.683774   9
   -3.671984   24.727222   -3.405308   5
   -4.691681   25.796755    2.052292   5
   10.419338   25.793838    2.050099   5
    9.078895   13.898742   -7.847758   9
   23.752774   14.413464   -5.634910   9
    6.709915   21.598121   -4.607936   5
   19.049730    8.450146    3.113944   2
   11.391930    7.029707   -1.244895   2
   -2.798055   14.294270   -5.322957  10
   21.440813   12.772830    2.415336   9
   -5.279540   13.050697    3.205879  10
   17.720634    8.060117    5.967892   2
  -12.145956   20.397164   -1.946296  10
   -8.335310   20.065219    3.314545  10
   15.088844    8.027532   -9.439460   9
   -2.995734    7.959382    1.655404  10
   -8.562338    5.498766   -0.919737  10
  -12.079088   18.041304   -0.822262  10
   -2.513441   24.980053   -0.323624   5
   -2.805284   14.331103   -1.733097  10
    9.990889    3.924244    3.975010   2
    9.101120    9.580798   -2.109120   2
    2.463753   15.362000    0.368741   5
    0.018369   28.502368   -3.944128   5
   15.675923    0.220139    0.919175   2
   11.092043   15.862493   -6.870351   9
    6.646546   23.373946   -5.589377   5
   11.985468   12.559499    0.728954   9
   16.988149   16.918380   -7.575962   9
    3.285299   10.414998   -0.973974   2
   -0.985397   10.664630    2.969176  10
   -6.867926   21.215097   -3.044872  10
   15.939322   12.235751   -2.788263   9
   12.009149    9.760928   -8.396406   9
   -5.030268    5.957282    3.323177  10
    8.689422   10.861996   -6.352072   9
    9.328372   13.373147   -1.158220   9
    2.730932    5.337110    3.274684   2
    8.653155   13.465662    1.532947   2
   -8.775132    8.761517   -5.603289  10
   13.461955    3.597859    3.499992   2
   16.716217    3.127355    2.823031   2
    7.570846   23.796464   -1.902494   5
    5.719690    8.845334   -1.498315   2
    9.027514   16.837344   -5.965755   9
    6.774669   18.927163    5.463661   5
   16.573122   -0.195876    4.060490   2
   11.168590    0.994961    2.319469   2
   18.262694    2.284287    5.474996   2
   17.203376    7.887518    0.873581   2
   10.453534    4.203058   -2.954804   2
   -0.052005   11.857988    0.021664  10
   17.325268   15.812268   -4.163612   9
   18.193675    2.313218    2.095634   2
   15.520633    6.357350    3.906526   2
   -4.939496   17.289912   -5.726543  10
    7.408835   20.287904    8.030356   5
   10.191348   12.574413   -1.225258   2
    7.884863    6.237895   -2.241304   2
   10.111735   14.738687   -3.685574   9
   19.697922    7.664365   -3.785988   9
  -10.619802   16.838175   -7.597399  10
  -10.190925   20.449957   -2.634223  10
   10.247721   14.937484    4.268625   2
   -8.935954   11.178069   -0.267118  10
   13.546387   15.912067    1.696790   9
   -1.478235   19.297442   -0.318792   5
    5.796933   18.102315   -4.683171   5
   12.251059    7.897009   -2.575420   9
   -6.213761    3.992004    0.844105  10
   18.109596    5.739770    1.036112   2
    4.673787   10.648842    2.032586   2
   10.430021   22.362232    2.302377   5
    8.018262   23.725082    7.490543   5
  -14.020512   17.811011   -3.210942  10
    2.346777   16.256944    3.631085   5
   12.731527   10.277672    4.297604   2
   -3.005638   12.495764    4.999540  10
   16.640041    7.245904   -6.060111   9
    5.107838   25.001984   -4.116848   5
    4.847308   19.313365   -0.175564   5
   -3.457684   24.788423    4.633083   5
   -7.994928   15.617667   -5.489191  10
    5.487560    6.064126    0.413735   2
   15.687557    2.132976    6.152588   2
   15.750256   13.476714    1.394267   9
   20.813107   13.032871    0.236046   9
   11.477681    3.983147    0.601308   2
   -5.872481   12.776832   -0.914431  10
    4.200262   22.267620   -1.950291   5
   20.749670    6.192366   -3.861352   9
   -8.361993   18.417343   -0.281322  10
   14.783198    8.039907   -1.742117   2
   19.461894   14.192702    4.748096   9
   16.187930   10.997549    6.787312   2
    2.279975   25.662848    4.489082   5
  -10.414043   16.888414    2.089994  10
   21.165920   10.265130   -1.743210   9
    8.859975   17.011139   -0.176533   5
   16.806210    3.506604    8.230046   2
   -0.169531   20.751185    1.882908   5
    9.271405   20.475175   -0.392826   5
   -9.382650   22.522212   -1.247661  10
    9.269092   10.789902    4.304656   2
   -6.507493   23.074279    2.434457   5
   16.103652    5.965449    8.251345   2
    1.835921   22.154499    4.511696   5
   -6.931766    6.679815   -3.387921  10
   -3.594661   16.412639    0.456319  10
    4.031819   19.302784   -3.734572   5
   -0.272037   16.805564    1.605671   5
   15.115670   15.646113   -1.465404   9
   17.001333   12.404375   -0.921323   2
   12.386549   10.418696   -0.952224   2
   12.110180   10.338471   -3.118728   2
   13.840878   15.091441   -4.784095   9
   14.499148   10.614770    0.126672   9
    3.667684   20.031353    6.692685   5
   17.848997    9.104996   -0.075227   2
   -0.255888   17.402832    5.116052   5
    5.297234   10.217281   -3.543742   2
   12.003766    6.814116    4.207711   2
    2.135177   17.978880    1.634552   5
    6.615598   11.826410   -0.842468   2
    8.852828   18.709022   -3.126251   5
    7.692808   19.024946    1.952684   5
   13.581842    9.552020    0.066678   9
   -3.794602    7.749738   -2.380437  10
    2.090124   28.984258    3.173182   5
    7.450174   15.592346   -3.095431   5
    8.645963   24.194338    4.312046   5
   12.622133   13.149132   -1.923326   9
   11.788703    7.210937   10.070814   2
    8.124617    5.220584    7.265537   2
   -1.857465   29.540923   -1.193944   5
    9.387758   21.116094    5.280768   5
    8.543305   17.657477    5.754681   5
    2.690815   22.769905    1.228623   5
    9.387666   12.117769    7.479130   2
   19.362027   13.013541   -3.829278   9
    6.046738   15.170169   -0.178480   5
   14.276843    1.777138    0.537229   2
  -10.825154   13.177640    1.877110  10
   15.391163    9.872381   -2.299698   2
   -2.559243   26.162251    6.460215   5
   17.737893   17.997218   -1.549139   9
    6.593370   17.163199   -2.304652   5
   12.059528   12.307280   -5.331718   9
    0.091215   21.512058   -4.070014   5
    7.244264   13.569705    4.852453   2
   12.827791   12.855729    1.619997   2
   14.779163   13.016850    4.612018   2
    0.696321   23.763991   -1.418481   5
   -5.386217   23.718106   -0.721953   5
   -1.190496   14.732456   -1.219203  10
    1.391485   25.118367   -4.630082   5
  -11.868072   17.921073   -9.649442  10
   11.931318   14.149739    1.426780   2
   14.828307   11.613647    2.314043   9
  -13.561467   14.809760   -1.612770  10
   15.621713   11.042554    0.194452   2
   13.673758    8.295025    1.516450   2
   13.677078   12.524348   -1.019094   2
    9.889150    5.446020    6.959759   2
    4.529321   20.212737    3.161847   5
    7.363600   16.420162    2.763388   5
   -4.187981   26.990831   -0.955167   5
   -9.188720   13.190512   -3.179812  10
  -11.880657   14.516209   -1.210671  10
    8.192669   22.016069    4.086787   5
   -3.832780   11.036832   -3.119154  10
   -6.032256   15.940222   -2.576763  10
   -0.351789   27.054550   -2.246175   5
   -7.099600   17.255379   -8.551342  10
   -5.841606   18.224283    2.039937  10
  -13.285126   20.658545   -5.030613  10
    6.530806   28.688195   -2.724874   5
   -8.934394    7.710488   -0.801560  10
