   -3.253158   -4.064979   -3.392966   2
   -8.041238    3.049426    1.852791   2
    0.392354    4.993244    3.073401   1
   -5.682060    3.128510   -3.959956   2
   -6.833126    3.740039   -4.730832   2
   -2.637320   -1.893468   -5.845494   2
    6.440556   -2.710107   -6.183076   2
    1.106416   -0.241798   -9.469153   2
    5.286010    3.115789   -5.429577   2
    3.234494   -5.731273    1.164283   1
    2.335274    4.266861   -4.332000   2
    0.014696    4.715012    1.939748   1
   10.851070   -0.039718    1.498862   1
   -2.001838   11.045972   -2.449635   2
   -5.873827   -2.121686   -4.555928   2
    0.877453    7.166438   -5.601818   2
   -2.043684   -1.604344    7.247775   1
    1.798895   -6.402494   -5.970291   2
    4.279855   -2.136058    5.007750   1
   -3.072680    1.536743    9.337624   1
   -1.799467    1.325882   -4.617612   2
    0.975461   -3.694394    2.799831   1
    2.738825   -5.694256    4.663333   1
    5.744988    3.712348    3.673405   1
    8.398795   -4.462521    3.542054   1
    1.922271    1.876345   -6.747883   2
    2.519131   -0.861912    2.511670   1
   -5.700999    5.322819    3.314087   1
    3.193089    1.669968    6.049900   1
    2.842275   -4.913007    3.201922   1
   -1.784050   -1.860378    3.431795   1
    6.803255    0.536608   -7.387564   2
   -3.939261   -7.338050   -3.878811   2
    4.568098    5.066287   -1.916577   2
   -4.231884    2.908215   -2.687588   2
    4.369403   -2.281605    1.318401   1
    1.414397    3.594964   -0.863235   2
   -5.262326   -3.461567    7.691787   1
   -5.924170    6.565805   -6.502393   2
    0.069944   -6.823732    1.455445   1
   -1.913382    5.576746   -0.640077   2
    2.812885    1.816103    9.625260   1
   -0.336753    4.169917   -6.669232   2
   -4.746566   -6.877088    2.696206   1
   -1.521098    1.190506   -7.785154   2
   -2.018335   -1.970313   -9.123957   2
   -4.050078    8.375928   -0.991203   2
   -4.940812   -1.322519    4.686942   1
   -4.820001    0.812941   -5.898341   2
    4.944122   -0.633938    8.230322   1
    5.499488   -5.749954   -4.536518   2
   -0.191194   -0.102325   10.823286   1
    8.767906    1.295277    4.194776   1
   -5.486816   -2.104508   -7.968984   2
    5.937066   -6.701256    2.901022   1
   -6.375338    3.307888   -8.081867   2
   -2.486275    6.927988   -6.519055   2
    2.506311    2.360983    2.656945   1
    0.226315    2.892280    4.911995   1
   -8.076945   -1.853425    6.015316   1
   -5.181833   -5.027038   -6.207126   2
    4.038846    7.358535   -4.392831   2
    0.636493   -1.029696   -5.997335   2
    2.669517    5.052445    4.450929   1
    6.473401   -4.154899    0.038688   1
   -0.381007    6.128057    5.140914   1
   -8.245616    3.580846   -1.628428   2
   -5.130828   -3.421190    1.973228   1
    3.155248    3.404288    1.057682   1
   -1.474867    7.821733   -3.305404   2
   -0.454860   -7.066664   -3.279445   2
   -1.003864    4.373451   -3.517676   2
    3.048857    5.135804   -7.574615   2
   -3.606709    3.813836   -6.050435   2
    7.860513    1.839735    0.997998   1
    1.647600   -1.139955    8.080544   1
    1.337664    6.569789   -2.100738   2
   -5.899589   -2.144997   -4.871891   2
    0.751667   -2.663145   -7.216400   2
   -1.469713    1.630631   -1.083500   2
    4.074573    2.923507   -0.182806   2
    1.124043    1.392268   -3.495765   2
    3.387313   -4.111115    8.218398   1
   -7.824407    1.491454    5.326867   1
    5.363036    0.430564    3.536772   1
   -2.643156    1.052157    5.442827   1
   -5.790195    1.427293   -0.130071   2
   -8.994090   -3.619583    0.010943   2
   -1.813008   -5.376374   -6.557815   2
   -1.596567    1.148406  -11.265513   2
   -0.956879   -1.353409   -2.771631   2
   -2.612648   -4.582859    0.400362   1
    6.535384    1.884646    6.681065   1
    3.285467    5.640526    1.166988   1
   -2.493006    7.161459    2.529440   1
   -0.382106    8.777517   -0.109366   2
   -0.764267    1.246649    2.207542   1
   -4.689962   -1.471871    0.620248   1
    4.962169   -3.267028    2.851067   1
   -2.209358   -5.186417    8.139134   1
   -2.706396    4.059021    4.020406   1
    7.836459   -1.479194    2.230362   1
   -5.432969    0.001749    7.636239   1
   -3.690977    6.753117    6.066313   1
    2.240344   -1.585419   -2.717961   2
    0.577975   -0.374454    5.027416   1
    3.118022   -3.820856   -1.421905   2
    5.824514   -4.889511    5.895035   1
    3.172821   -3.339466   -5.407982   2
    5.245154    1.018146    6.074981   1
    5.042606    7.284505    3.783575   1
   -5.203758    1.849982    3.341991   1
   -3.337962   -4.193618    5.036341   1
    4.298299    1.502909   -2.442753   2
    0.107781   -3.928769   -4.291535   2
   -3.842225    0.235301   -3.566926   2
    1.525504    0.573708   -8.469348   2
    3.458817   -8.942434    2.431614   1
   -5.522073    5.170721   -0.319596   2
    5.339169   -2.543118   -2.777546   2
   -4.475289    0.832158   -9.368459   2
    0.797266    3.276636   -9.779472   2
   -2.081612   -5.017055    2.025072   1
   -6.240032   -2.025564   -1.000689   2
   -5.119406    3.400598    6.558643   1
    7.048589   -1.671129    5.628155   1
    4.903489    4.962405    6.947921   1
   -1.896589    4.031946    7.267249   1
   -2.078944   -4.501759    6.242574   1
    0.519150   -7.127908    2.314081   1
    1.108985   -2.289554   -3.782147   2
   -1.045897   -1.468310    0.688481   1
   -0.938328   -6.296911    5.059648   1
   -3.282642    3.298120    0.946513   1
    0.763549    5.138142    6.724104   1
    0.402000   -3.596607    6.172191   1
    3.535862   -2.080205    5.493870   1
   -2.742743    4.123661   -9.293109   2
   -4.460721   -7.138075    6.172394   1
   -0.108795    1.422820    7.810767   1
   -2.399732    2.804640   -5.040473   2
   10.450516   -1.769274    4.617810   1
   -0.913345   -0.033653   -5.878405   2
   -0.878445    2.392555    5.403767   1
    5.205245    4.928335   -3.099369   2
   -8.387613   -3.591521   -6.321482   2
   -3.434319    5.879711   -3.646860   2
    4.045503   -0.135062   -5.285557   2
    1.386701    9.832403   -3.251678   2
    7.194564    0.068519   -3.953707   2
   -0.008417    6.670631   -9.003112   2
   -0.039147   -1.495570    0.449460   2
    8.476871   -1.092125   -1.097866   1
   -4.126124    5.962592   -3.533121   2
   -0.823325    7.077531    8.433481   1
   -3.856614   -4.975529   -3.380284   2
    6.834759    5.488169    0.908048   1
    2.763938   -5.197946   -2.472130   2
   -1.997881   -2.266695   -3.009047   2
    4.150541   -1.982978   -7.324325   2
   -8.020109    0.088619   -6.530095   2
    3.156577   -1.766778   11.033508   1
    1.139448   -9.084616    5.081301   1
   -7.193812    6.958148   -2.967184   2
   -7.086652   -2.040127    3.280904   1
    2.323559    5.929767   -4.906399   2
   -5.824567   -4.897847    1.773470   1
   -6.826596   -4.947777   -2.966520   2
   -4.333019    0.660646   -6.937431   2
   -2.071945    3.860844    8.329500   1
   -1.531640    5.822659   -0.380179   2
   -1.918120   -8.044812    0.154411   1
    5.598223    1.361334   -3.322625   2
    0.185502   -3.562662    9.816450   1
   -7.112102    0.748257   -3.219559   2
   -6.728071   -4.695367    4.686046   1
    4.438144   -8.187729    6.034860   1
    1.661633   -8.192874   -0.702195   1
    7.409985    3.115807   -2.299016   2
    4.416804   -5.097410   -8.024519   2
    1.307512   -3.384944    6.106696   1
    1.209759   -6.666743    7.732291   1
   -1.155459    5.849671   -6.365035   2
   -1.729925   -0.869567   -9.110178   2
    2.888537   -4.748629   -5.102210   2
   -9.056559    0.156876   -0.371623   2
    2.995796    2.749122    8.046208   1
    2.893481    3.383698    4.632378   1
   -0.473337    3.696979   10.416354   1
   -1.134672   10.095494   -5.884758   2
   -5.591249   -4.572386    5.416881   1
    1.339848    7.988616    2.878899   1
    6.178155    3.020068    3.151197   1
    3.935170   -1.537333   -8.313011   2
   -3.698333   -0.308195    1.284013   1
   -2.651583   -0.157010   -0.210560   2
    0.817751    3.036380   -6.181522   2
   -5.852755    1.279663    2.652848   1
   -2.239398   -9.013409    3.696504   1
    3.017335   -1.084545    8.341777   1
    1.556471    4.515633    7.697945   1
    2.192232    0.038016   -0.129885   1
   -2.783444    3.536209    2.376852   1
   -0.678625   -2.227581    8.714086   1
   -7.396626   -0.791706    2.441154   1
   -5.313841    4.989709   -0.765211   2
   -1.700505    2.586169   -8.398328   2
   -0.722069   -5.038773   -5.211920   2
   -1.608688   -8.769002    7.356394   1
   -1.062593    9.306584    5.376643   1
    5.276232   -0.607188    0.200890   1
   -9.083904   -2.057862   -3.234535   2
    0.014548   -4.910817   -0.596939   1
   -7.638624   -2.126964    6.924429   1
   -2.411745    5.649552    5.266682   1
   -1.273814   -1.183509    5.553166   1
    4.289111    3.041479   -6.260271   2
    0.948329   -3.662482   -8.059101   2
   -3.866654    5.191910    9.600377   1
    5.258681   -7.575501   -0.717993   1
    0.314853  -10.495451    1.742302   1
   -3.200060   -2.047588   10.278600   1
    2.900417   -0.141206   -1.576004   2
   -2.638157    0.325984    3.026312   1
    2.331403    7.815237    6.434526   1
    0.327585   -6.770976    5.067978   1
    0.441895    1.617847    2.406616   1
   -0.314756    4.452981   -3.259499   2
   -0.321413    7.788658   -3.275391   2
    8.488931   -3.639466   -3.511645   2
    4.828090   -2.072837   -3.844079   2
    2.105347    5.813765   -1.222754   2
    6.978193   -0.543329    3.355919   1
   -4.249173    2.667713    5.504657   1
   -3.943628   -0.370466   -2.598783   2
   -4.370657   -5.730313   -0.650153   1
    5.760155    0.871079    0.205729   1
    0.268533   -1.861696   -0.342209   2
   -5.849220    1.331686   -0.894329   2
   -3.017592   -6.439095    3.457548   1
   -2.899455   -2.699559   -6.311162   2
    9.674754   -1.283874   -6.009512   2
   -4.234565   -2.740287    8.153761   1
    6.523066   -4.163078    3.229007   1
    3.690632    8.474572   -0.729473   2
   -3.085733    0.529358    8.006790   1
    4.172149    1.991292   -9.094815   2
    1.406579   -1.595434    3.014323   1
   -2.671006   -3.817434    0.063396   2
    7.736084   -2.190675    0.388911   1
    2.569498    2.854986   -3.198417   2
    2.931459   -2.880373   -0.119073   1
   -5.285474   -2.163532   -1.467626   2
   -2.785077    2.885782   -1.616782   2
   -0.294042    0.797804   -2.794445   2
    3.793761    0.623445    2.953942   1
    1.939262    0.672255   -0.323080   1
    6.790880   -3.374303    8.874718   1
   -0.550287   -4.033598    3.190128   1
   -3.529406   -2.895123    3.400809   1
    1.760205    0.332817    5.643101   1
    0.365722    2.165897    0.259318   2
   -4.857296   -0.728787    5.462858   1
   -4.492903    4.517779   -7.033947   2
   -0.125341   -5.085425   -1.909429   2
   -4.455632    9.253780   -4.512547   2
   -2.920380   -2.854148   -0.353557   2
    4.765970    2.705952    0.420290   1
    3.248460   -8.452898   -3.649004   2
    2.622997    0.155212   -5.234099   2
    0.146402    1.116501    8.518693   1
    0.843845    3.297867   -1.575483   2
    1.287539    1.685858   -4.468955   2
   -2.011324    5.984359    2.539259   1
