    1.732803   -2.134420    3.535415   1
   -6.506261   -7.972402    5.493301   1
    4.743066    3.412653    5.159141   1
    0.129926    5.476598   -9.217630   2
  -11.173047   -1.792709   -0.678471   2
    5.035846    6.064871    7.330244   1
   -1.803017   -9.089796    6.586568   1
    2.927088   -5.096475   -5.396673   2
    6.937541   -6.313345    3.880822   1
    1.959265    2.309207   -2.730961   2
   -6.391740   -2.284046   -8.644591   2
   -0.735650   -7.779071   -0.128357   2
    8.352939   -8.583521   -1.283876   2
   -0.857987   -2.693161    6.346550   1
   -4.523664   -4.309749    8.472200   1
   -4.837093   -7.989796    1.416981   2
   -2.662080    2.517156   -5.922225   2
    6.783703    0.621548   -1.014871   1
   -3.763694   11.243384   -6.970291   2
   -7.724304    7.808376    2.101055   1
   -7.890621   -7.830651   -3.608744   2
   -3.394539    2.950215    8.841459   1
   -1.563351   10.217809    4.244818   1
    2.852358  -10.921539   -5.085054   2
    0.355845    5.256274    2.835432   1
   -0.418477   -4.289076  -11.844452   2
   -1.781646    5.487782   -0.652376   2
   11.369203   -6.268145   -3.357997   2
   -3.388948   -5.633069    4.986912   1
   -4.676348   -0.512698   -6.746391   2
    9.893699    2.036272    0.978470   1
   -1.040788   11.922945   -2.558171   2
   -0.916277   -8.232695   -7.327776   2
   12.475947    3.838041    3.645208   1
   -5.502082  -10.249590   -1.922721   2
    8.724467    7.772860    1.068766   1
   10.616204   -2.962200    4.731683   1
    3.286214   -1.671276   -7.367178   2
   -0.811533    0.977275    4.332367   1
   -2.813619    0.367919    5.138970   1
   -7.609347   -0.255690   10.678607   1
   -9.773804    2.369682    4.695662   1
    5.023082   -0.231974    8.148443   1
    5.000983   -9.137749    3.360657   1
  -10.091794    2.599928    8.393972   1
   -5.085213   -8.018333   -7.773177   2
   -5.072134    9.302815    5.039305   1
    3.984360  -11.396998    3.794116   1
    1.599667    9.042729    3.454989   1
    7.622268    5.155168    6.040543   1
    8.624923    6.592875   -4.497590   1
    5.325482    6.816697   -5.647597   2
    7.927770    3.037529   -7.723527   2
   -5.909357    9.063158   -3.114673   2
   -2.671014    0.883491    7.605721   1
   12.502568   -0.860539   -5.691027   2
   -0.715849   -0.260207  -10.792116   2
    1.486545    8.104944   -6.731285   2
   -2.678254   -9.819291   -4.575892   2
    0.992634    1.520605    4.926457   1
   -9.528292   -7.293783    2.145361   2
    6.597034  -11.008993   -7.920981   2
  -10.235142    6.078319    3.583320   1
    8.265264    7.432735    3.250343   1
    1.505645  -13.628185    2.094542   2
   -1.983731    7.829982    4.246786   1
   -3.645873   -2.995981  -12.534593   2
    7.666363   -8.370603   -1.409125   1
  -10.307819   -5.887084   -4.266454   2
   -4.261733    3.492525   -6.320964   2
   -1.330630   10.531743   -0.844653   1
   -9.175578   -5.121688    6.235942   1
   -3.178539    6.676676   -8.845779   2
    6.991317   -5.211943   -7.861852   2
    7.524618    0.122288    5.059797   1
   -2.812672    6.677745    6.555309   1
    4.732319    8.948839    1.479910   1
    9.942346   -2.910280    3.779931   1
   -0.022350    9.732919   -6.773636   2
    4.331939    2.489750   -9.580820   2
   -4.451688   -4.138281    9.986967   1
    5.967482   -8.771685   -5.062519   2
    3.526125    5.187661  -12.705722   2
   -5.806811    1.012101    6.902651   1
    1.571718    7.713671    0.253381   1
    4.181760  -11.614989   -0.432358   2
    1.038274    8.945982    9.413618   1
    1.964166   -0.416377   12.190583   1
   -7.814347    0.108744   -2.493838   2
    6.862210    3.829767    9.814779   1
   -8.761896   -2.331222    2.134331   1
   13.115385   -0.413313   -1.104280   1
   -6.364829    6.721441    7.137527   1
   -7.367770   -4.026705   -0.717326   2
    6.815672    3.395164   -4.318967   2
    7.995243    7.214049   -8.528512   2
  -11.334977    4.629645   -4.312783   2
   -0.988607   -1.295856   -3.002819   2
    0.021220  -11.934971   -7.535686   2
    6.243205   -3.384593   -1.148547   1
   -5.563928   -1.933201    4.795973   1
  -12.011971   -2.151415    4.375029   1
    7.045013    9.352458   -1.132713   1
    4.824957   -7.798128   10.144575   1
   -6.316570    7.887665   -3.264934   2
   -6.848886   10.970934    0.384619   2
    3.290060   -0.427650  -11.877793   2
   -6.869911   -6.386957   -3.814710   2
   -9.817672    6.711692   -1.259026   2
   -7.706728   -7.716808    0.399819   2
   -7.538884    4.579849   -3.658697   2
   -2.442952   -6.933230  -10.507796   2
   -6.444738    3.462401   -7.450443   2
   -7.554713   -3.085300    8.715404   1
    0.398364    2.977660  -13.296710   2
   11.390212   -1.944230    7.170501   1
    4.153093   -6.583124   -0.488145   2
   -8.527809   -2.229460   -5.634867   2
    7.438890    4.969121   -0.799983   1
    1.028704   -8.662618    3.627910   1
    2.289975   -9.766567   -2.652302   2
  -10.933121   -5.375229   -0.783082   2
   -1.110130   -1.785230    0.444448   1
   -3.236261   11.372396    1.040754   1
    5.573925   -3.035295    5.610544   1
    4.421844  -13.104133   -0.492905   2
  -10.702860   -1.547778    8.235224   1
   -4.046579   -0.297230   10.914992   1
   -2.599940   -4.717631   -6.156151   2
   -5.552571   -7.415109    3.833778   1
    8.664663   -0.307343    9.761878   1
    6.160756   -8.939174    7.035405   1
  -10.453561    4.699192   -0.866063   2
    3.896548    2.432835   12.220500   1
    1.948132    5.803064   -4.454667   2
   -8.461527   -9.131132   -1.418569   2
    7.696416   -4.497058   -0.369942   1
    8.871233   -5.769556    3.161418   1
    5.761530   -1.389305   -4.649648   2
   -7.923504    8.562400   -6.077446   2
   -9.327611   -3.850754   -9.073891   2
   -5.627911   -4.227287   -9.717968   2
   -9.975364   -3.805141   -0.592229   2
    9.908553    1.385524   -4.324641   2
    1.622671   -0.915571   -3.724320   2
    4.715129   -2.004310    9.205709   1
   -4.310672    2.479679   -2.661188   2
    1.663778   -4.225924   -1.744776   2
   -1.232683  -12.912947   -3.605413   2
   -3.194498    7.151268   -5.290622   2
  -10.816410    0.039805   -7.985219   2
   -5.904391   -1.018343   -2.645831   2
   -6.708140    1.686447  -10.761794   2
    4.583839   -3.830379   11.235907   1
    2.415043    5.133136    5.849345   1
   -4.509382    7.805732   -0.439479   1
    1.078495   -8.199307   11.160554   1
    7.672126   -3.636090    8.565501   1
    3.792349    8.023814   -9.489077   2
    5.431441    4.420890    1.110004   1
    3.015012  -10.268437    7.836531   1
   -6.111073    3.992845    0.161422   1
    0.234007    0.993585    9.208906   1
  -13.295030    1.236740    0.149045   2
    0.463542   -5.077725    1.917902   2
   -5.325312  -11.476774   -0.482225   2
   10.850616    5.510559   -1.596575   1
   10.154078    2.988041    6.738911   1
   -8.129449    5.343535    4.330399   1
    9.827087   -0.972199    1.828012   1
    2.803649   -3.077981    1.612489   1
   -3.451322   -3.015430  -11.894923   2
    3.235501  -10.187591   -6.603682   2
    2.134567   -7.109753   -8.870260   2
   -0.498512    2.276378   12.299957   1
    4.446370   -5.411855    5.419080   1
    8.459744    3.347696    3.063886   1
   -1.337119   -5.984242    8.185219   1
    0.908919   10.622520    2.187499   1
   -1.611471    5.893958    7.203606   1
    4.363926    5.938445   -5.990163   2
   -0.874605   -4.432840    7.554805   1
   -6.276011   -4.632773   -2.848751   2
   -1.691036  -11.051320   -4.275401   2
   -0.254550   -9.669976    6.121415   1
    5.176653   -8.853963   -3.004838   2
   -4.845234   -7.879330    8.829753   1
    2.103949   -6.299675    7.761510   1
    8.803921   -0.616626   -9.100616   2
   -3.542899   -3.551033    2.736608   1
    7.697239   -1.071407   -9.980373   2
    2.719540    3.430696    8.294227   1
    2.331855    2.044672   -2.007282   1
    4.688348   -6.305644    0.930807   1
    1.970006   -8.798588    0.632488   2
    1.529722   -6.003121    3.247520   1
   -3.309012    2.886784  -10.943131   2
   -2.215130  -10.557832    3.249215   1
    5.269553    2.464847    8.105602   1
   -2.648886    2.103250    1.599594   1
    3.068824   -2.191836    5.526242   1
   10.803239    1.094523   -1.303064   1
    3.525364   -4.498399   -9.564405   2
   -0.643296   -1.450005   -6.591405   2
    9.867103   -1.521570   -2.453805   2
   -9.658448    2.940332    2.053144   1
   -6.908174    1.177100  -10.248468   2
   -2.994847    6.257445   -4.275453   2
    1.021829    4.239944   -5.663022   2
   -1.158322   -7.378509   -6.645445   2
   -2.345414   -6.867570    5.041679   1
    3.841699   11.066298   -3.088091   1
    5.495114   -7.286622   -7.931647   2
   -6.665015    0.744670    3.216559   1
   -1.904624   -0.080680   -3.418442   2
    1.641783   -4.610787    9.639678   1
   -0.347288    8.140016   -3.017206   2
  -11.124270    0.465071   -2.145982   2
    5.426982   -0.648816    3.119240   1
   -4.296341    4.576826    3.624863   1
    1.056322    3.645441    2.908614   1
    1.249383    4.887027   -9.678099   2
   -0.213817    0.959061   -8.359148   2
    0.266521    2.365433   -1.371866   2
    4.396874    3.316596   -8.535073   2
   -6.868084   -2.084335    6.348685   1
   -1.830130   -9.600114    2.902755   1
    3.719563    2.747831   -3.244458   2
    7.969495    4.516748   -2.175757   1
    4.819786   -0.300488   -1.327505   2
    0.758454    6.206130    6.682788   1
    7.122061   -1.374336    6.218244   1
    2.308453    1.336810    6.643855   1
   -2.011941  -12.750550    0.173983   2
   -9.101805   -0.876163   -4.765968   2
   -0.513117   -2.145902   -0.848098   2
    4.243522    6.722149   -1.429660   1
   -4.022921   -7.354957   -3.716504   2
    6.373499   -4.462887   -5.773051   2
    6.078901   -4.237989   -2.096452   2
   -4.693545   -5.277056   -6.687970   2
   -1.381413    9.567524   -4.445649   2
   -5.540310    0.146355    1.107137   2
   -2.917959   -3.956130    1.214884   2
    9.127601   -5.339410   -3.451912   2
    6.366484    0.805255   -0.470055   1
   -3.353704   -4.310253   -1.319644   2
    4.474519   10.160229    5.950155   1
   -1.889960    5.586924   -7.909433   2
    1.477174   -2.634677   -7.172533   2
   -0.869264   -8.228346   -2.233444   2
    5.169503    2.948774    4.521218   1
    0.718667    7.770940   -0.180756   1
    7.980006    2.726401   -7.336194   2
   -3.309087   -0.160513    0.184725   2
    3.724703    4.403798   -0.639779   1
   -0.870918    3.044478   10.329192   1
    3.581126    7.827986    1.995077   1
    6.514229    2.932991   -0.865623   2
   -1.549800    5.479119    1.094101   1
   -6.139524   -0.252718    9.356403   1
   -1.181720   -2.476652   11.077064   1
   -7.391826    1.668676   -0.403624   2
   -4.706678   -0.472300   -0.036224   1
    1.821774    0.492548    1.439149   1
   -0.703172   -5.122596   -3.855994   2
    6.467665   -0.645106   -5.062415   2
   -6.116327   -4.904819    2.543399   2
    2.180200   -6.839551   -2.344829   2
   -2.034479   -2.845813   -6.343823   2
    3.288083    0.555699   -6.477028   2
   -8.210785    4.174731   -9.177371   2
    5.679510   -1.968486   -8.280381   2
   -0.735738   -4.410055   -9.404303   2
   -4.844995   -0.081006   -6.359025   2
   -3.023876   -2.065089    5.898515   1
    1.043188   -0.125207   11.007848   1
    4.956008    7.831097    5.989188   1
    8.198376   -4.963153    6.695431   1
   -0.009221   -2.663093    3.770820   1
    2.756877   -3.653628   -0.814761   2
   -6.946899    5.840454   -6.316428   2
