    7.275701    7.614716   -4.101733   1
   -2.232901    2.642637   -6.571464   1
   -4.031438   -9.810818    7.972071   2
    9.734366   -6.970416   -1.478471   1
    7.168137   -7.671622    5.402596   1
   -3.479915    9.084593   -2.482543   2
    7.771736   -0.870454   -3.528878   1
  -10.793054   -5.363986   -0.491530   2
    3.864670    5.255256    2.969033   1
    0.120697   -8.000232    5.963297   2
    2.301148    1.629220    1.737927   1
   -3.058678   -0.308608    2.264850   2
    4.150781   -5.933342    8.127448   2
    1.697363   12.863774    1.228673   1
   -0.043352   -1.662471   -6.361744   1
    5.636686   -0.851014   10.101501   2
    3.734317   -8.214524   -8.361164   1
   10.540317    1.302072   -8.085837   1
   -0.631727   -6.644245   -0.154479   2
   -3.389388   -8.164255   -7.796663   1
   -8.400151   -1.192141   11.238725   2
    2.688499   -8.287903   -0.141411   1
   -8.501516    7.201274    1.781369   2
    6.131361   -5.176578   -0.696493   1
   -6.577284   -4.682256   -4.467104   2
    8.063809    9.153561   -3.200264   1
    1.489310    9.697322    8.360659   2
    6.097182    5.053796   -5.702343   1
   -5.290334    4.265567   -8.175877   1
   -7.820342   -2.708921   -1.373624   2
    0.062933    1.728486    5.727983   2
    5.603997    2.663854  -10.793101   1
  -13.105022   -0.762299    1.775310   2
    9.115048    3.499540   -3.349508   1
    4.590978    6.720322    4.968160   2
   -6.896970   -1.791285   -7.106090   1
   -8.331678   -0.830515   -8.096744   1
   -2.048920   10.449863    4.671811   2
   -8.239999   -7.647353    1.770938   2
    0.736333  -13.469872   -5.928075   1
    0.243621    5.324186   -5.823974   1
   -6.394569    0.798591    8.042961   2
   -4.087153   -8.494874  -11.298649   1
    9.510398   -3.252069   -1.297743   1
    4.542722   -8.357397   -3.433464   1
   11.289071   -6.535106   -0.331439   1
    7.126844    0.899631   -0.133717   1
    2.688033    3.667010  -12.746589   1
    0.689287   10.915757   -6.353821   1
   -8.232864   -8.957633    1.534411   2
    0.545975    8.697678    0.175852   2
   -7.628560    8.879955    6.898990   2
   -6.321845    1.147868    3.808268   2
   -4.409931    4.822375   -4.530196   1
   -5.313917    8.274738   -4.301991   1
    4.045686  -12.061607    1.673551   1
   -1.649583   -4.123432   -8.423918   1
   -8.213391    9.628063    0.283194   2
    7.289989   -4.893329    9.933099   2
   -0.535714    2.690804   14.642985   2
   -4.973128   -1.325849   -3.203117   2
    8.797466   -1.308520    9.808076   2
   -4.638445   10.631963   -7.624349   1
   -4.523472   11.837735   -1.662685   2
    6.159025    0.980446    3.356354   1
    1.238403    8.034319    5.397424   2
   -5.575729   -9.365746   -0.007042   2
   -9.996986   -0.539747    1.380163   2
    7.721693   -0.068223  -10.033096   1
    5.098504    8.847476    4.216465   2
    2.173254    7.600526   -2.717001   1
   -2.945507    4.284151    4.006233   2
   -3.803980    3.987549  -13.935363   1
   10.784734   -0.879740    2.609622   1
    3.171848   -3.726123   -3.504517   1
   11.138808    3.201690   -0.146870   1
   -6.323682   -7.002187    4.904025   2
   -1.844163    8.711134   -4.060140   1
   -1.911646    8.362849   -1.328313   1
    2.729337   -2.841962  -12.277296   1
    4.032306    3.840167   -1.783875   1
  -10.178623    2.580145    8.610707   2
  -12.836733   -4.123650    2.044008   2
    1.095831    1.516451   -3.882028   1
    2.630668   -2.415814    7.011530   2
   -3.995135   10.875880    4.456595   2
   10.688615   -5.351427    3.595796   1
    2.837630    6.330843    1.595076   1
   -0.062661    3.046155   -9.431175   1
    4.311173    4.079487    6.329658   2
    1.027163   -1.490908   11.577577   2
   -5.549181   -2.796284    5.137647   2
   -7.633856    7.588277   -7.975522   1
    0.912328  -11.407588    5.939234   2
  -10.309453   -4.856552   -6.751671   2
    4.129360   -4.756118   -9.540335   1
    7.574271    6.820626   -0.331523   1
   -8.473974    1.555861   -1.178787   2
   -0.625068   -9.945967   -3.852021   1
  -11.281354   -0.363930    6.886602   2
    0.871982   -5.974702  -10.636550   1
  -12.837608   -2.655778   -3.171781   2
  -10.023983    1.988751   -6.501123   1
    8.619073   -1.902528   -7.010859   1
    7.886576  -11.472516   -0.638494   1
    4.824147   -3.948803    4.434438   2
    7.122207   -7.587982   -7.182337   1
    9.635511   -6.674286   -3.724774   1
  -10.959579    4.762286   -0.203227   2
    1.430049    7.491901   11.477897   2
   -1.394031    5.219991    7.091372   2
    9.887268    5.522926   -2.500860   1
   13.163174   -3.199218    0.793056   1
   -4.678197   -2.191437   12.525609   2
   -7.056494    5.589986    4.938642   2
   -4.367516    5.999291   10.725923   2
    8.294165   -3.517768    5.937236   1
    4.734458    7.397970    9.987258   2
  -10.757967   -5.260423    2.949256   2
    0.571096  -12.750166   -1.332940   1
   -8.548342   -8.068851   -2.962388   2
    5.560057    1.263173   12.307199   2
   -2.944404   -6.257931    2.488045   2
    5.817295   -8.774948    1.659766   1
  -11.044623    5.605284   -5.003059   2
    0.797940   -6.651672   -4.190460   1
  -10.624944    3.662277    3.660190   2
   -6.231161    5.085471   -0.462688   2
    0.229368   -3.188681   -0.116184   2
    4.424569    3.055232    5.052184   2
   -2.513026  -12.596805    5.148029   2
  -10.513096   -5.639925    7.300456   2
   12.397151   -2.400338   -4.128103   1
   -5.500909   -4.440586   -8.250639   1
    0.776705   -6.695338    9.280444   2
   -2.748943   10.599327    7.853245   2
  -13.008568    1.502996   -2.545711   2
    8.195577    3.409529    9.124356   2
   -8.721473    7.067351   -3.857693   2
    1.198572   12.232261   -2.223899   1
   -8.530984    6.248707    6.528513   2
   -4.948688    0.059871  -12.418903   1
   -3.731375    7.464933    9.526140   2
    7.251890    6.617730    6.704739   1
   -1.822678   10.874749    1.644578   2
    2.675859   -8.826701    3.432720   2
    7.585003   -0.080772    0.596666   1
    4.758401  -11.047076    6.483911   2
    8.348232   -3.889040    2.301398   1
   -6.898401    3.001126    6.738880   2
   -8.524565    9.228736   -2.611892   2
   -2.251340   -1.489873    8.403105   2
   -9.633179   -8.920693   -2.757167   2
    5.074432   10.561823   -0.981446   1
    3.765298   -0.516857    4.623195   2
   -4.527731  -10.976727   -4.115896   2
    0.626576   11.338500   -1.290199   1
    8.345959    2.614855   -4.658707   1
    2.181471  -10.847983   -1.392146   1
   -3.494444    5.417527   -6.875495   1
   -5.156706    8.058802    1.803441   2
   -2.031131   -3.555491   -1.168749   1
    5.570395   -4.182717   -6.291000   1
   -1.830768   -1.080509   -2.535667   2
   -0.863324    7.490104   -5.838882   1
   -3.466305    6.981022    5.186774   2
   -6.738756   -6.983963   -1.798731   2
    2.882642    7.476889   -6.982678   1
    1.108192    7.080877   -2.776010   1
    5.802582   -3.897441   -6.002582   1
   10.340349   -1.426586   -6.202090   1
   -6.051707   -8.067477   -5.536839   1
   -0.150217   -1.799984    3.067047   2
    3.098756    3.664664   -7.727208   1
    6.629644    4.896636    3.530684   1
    7.304659  -10.942825   -4.204967   1
   -1.892016   -0.749234   -9.354559   1
  -10.576119   -2.116579   -5.244160   2
  -11.155976    2.419027    1.356488   2
    6.399847   -6.513623    3.379479   1
   -1.663095  -10.077820    0.077286   2
   -9.777332    5.921080    0.879218   2
    1.702950    0.569611  -11.205592   1
   -7.308264   -3.546554    8.133543   2
   -1.494881   -2.103990    4.948661   2
  -10.277896   -5.224239   -3.268353   2
   -1.336847    6.409180  -11.927919   1
   -5.228243    1.811934   -8.658068   1
    2.063744   10.938457    4.523233   2
   -7.756346    2.125206    0.286801   2
    5.303084    1.889734   -6.933764   1
   -8.441974   -0.455572   -4.241977   2
   -3.033932   -5.511991    6.129006   2
   -3.331976    1.895302   11.122523   2
    2.410279    1.921432    7.866978   2
    6.978170    3.887098   -0.210677   1
    4.854050    1.739170   -4.855781   1
    2.502493  -10.439538   -5.634380   1
   -3.906793   -0.398802    2.693025   2
    3.131205    0.589358    9.204053   2
    5.007943    1.474861    3.535001   1
    3.681011   -0.484231   -8.053016   1
    1.355125    5.166131    8.887352   2
    2.468433   -6.576328    0.675148   1
   -1.198688   -8.826630   -3.981564   1
   -9.209872    3.634575   -2.663486   2
   -2.076246   -3.092203  -12.360153   1
    1.134593   -4.788925    3.563326   2
    4.144319    9.999257   -4.634846   1
    8.615614    0.444423    6.035795   1
   -1.745962    4.686401   -2.016752   1
   -1.530170  -12.581727    2.780341   2
    1.491046   -4.369000    5.138792   2
   -7.539355    0.261385    3.609805   2
   -3.514009    4.966568    1.079539   2
   10.274161    0.839559   -2.191067   1
   -8.748492   -1.783573    0.586137   2
    1.330759   -7.491685   -9.729814   1
    2.058113   -8.124583    5.701480   2
    4.883085   -6.167729    4.527630   2
    4.294563   -2.893336    3.503144   1
   -6.253101    5.165685   -1.378550   2
   -0.857990   -8.193311  -12.862900   1
   -5.078662   -6.936629    1.636514   2
    0.296028   -8.029007    0.140928   2
  -11.026408   -0.626499   -2.069501   2
   -0.641437    4.889506    5.840505   2
   -0.223037  -10.237779   -7.961985   1
    5.390081    0.948198   -2.177851   1
    1.528503   -1.113623  -10.182441   1
    4.089073   -2.235551   -2.941607   1
    0.086279    5.281128    1.466716   2
   -1.888141   -5.359225   -2.203671   1
   10.508720   -4.808262   -5.128221   1
   -0.517269    1.738654    0.160965   2
    5.195140   -3.692055    0.055950   1
    9.917277    2.499909    3.147147   1
   -3.191310  -10.477825   -1.212038   1
   -0.973958    2.998948   -0.504298   1
    2.576672   -0.243328    1.283416   2
   -5.376456    0.938804   -4.011377   1
    1.233843    3.602695   -4.133460   1
   -1.375696    1.789494  -12.603089   1
   -3.882037  -10.549009    1.044284   2
   -2.829009   -7.476711   -9.931591   1
   -3.265848   -1.204722    8.964500   2
   -2.678120   -0.775966   -9.680203   1
    1.048442    0.056779   -1.131484   1
    3.166726    5.102330   -0.545130   1
   -0.855148   -8.147095    3.535861   2
   -8.004746    3.903190   -4.139726   1
   -3.796115    2.624203    4.573213   2
   -2.083523    2.046750   -6.315206   1
   -2.626474   -3.607633   -4.784140   2
    4.118547    6.268499   -6.332634   1
   -3.591407   -4.079271   -6.529035   1
    4.036468   -0.566549    0.723531   1
    3.201275   -6.488724   -6.660356   1
    5.199923   -6.386662   -9.603409   1
   -3.529177   -6.405110    9.587014   2
    1.599646    2.469318   -8.205272   1
    6.417647   -7.791338   -0.248898   1
    2.707129   -4.548692  -11.589454   1
   -1.842404    8.773618    1.078556   2
   -6.171728   -3.673373    2.772779   2
   -4.648773    2.132259   -1.530390   2
    9.517593   -4.613337   -9.191296   1
   -4.481229   -2.506745   -0.164271   2
   -2.197347   -4.859198    2.627052   2
    4.701722   -6.684818   -3.197692   1
   -1.028557   -4.433118  -11.277102   1
    4.155125   -4.394672    8.774248   2
   -3.358513   -6.806366   -3.101041   2
    0.248893   -3.211264    0.154180   1
   -4.603391    1.010268   -0.866524   2
    1.555956   -4.839711   -3.092340   1
   -5.585643    1.516537   -5.421382   2
    7.299248   -1.124556   -4.302156   1
    9.880715   -2.466545   -0.984129   1
   -6.725216   -3.022078   -3.074549   2
   -0.823912   -1.775998   -5.645466   1
   -6.589607   -1.012052   10.510855   2
    0.498708    3.554767   10.245954   2
   -1.235011   -0.249059    6.152546   2
    0.393345    2.047550    3.658705   2
   -5.111726   -3.324333    1.331120   1
    1.963297   -3.237668    0.163733   1
  -11.079018   -0.281628    6.331641   2
    5.090278   -1.504157  -12.089257   1
    6.716785   -3.073030  -11.811039   1
   -5.009003   -1.891905    5.872366   2
   -1.836664   -7.488685    7.063080   2
   -1.087482   -4.489664   11.403619   2
    8.275441    0.421094   -8.659418   1
    7.411858   -7.162360   -6.556671   1
    0.244997   -1.032370  -14.325559   1
   -0.034070   -1.337819   10.659883   2
   -2.264979   -0.914765   -2.362985   1
    1.866081   -1.769288    7.728362   2
    0.596070   -4.208402   -7.936078   1
    0.568227    6.273476   -9.204656   1
   -9.009389   -2.693769    4.738991   2
   -6.429136    5.095799    3.689820   2
   -1.751590   -3.725366    6.947494   2
   -0.481221    6.408904    1.478916   1
   -4.792640   -5.485453    6.022327   2
    7.450593   -4.409697   -2.832836   1
    7.268326   -3.463670   -9.179758   1
    3.726125   -1.350623   -7.328219   1
   -1.178609    2.343665    8.512348   2
    1.961090    0.122717   -4.623241   1
    4.820499    4.177047   -3.555783   1
   -4.803094    2.014536    9.495671   2
   -4.968205   -4.378995   -0.557899   1
   -2.478144   -4.692670   -1.955370   2
   -4.182517   -8.596048    4.526892   2
   -1.443180   -0.301665    3.887598   2
