    0.155421   16.100870    5.783987   5
   10.429240   -2.016298   12.327025   7
   -2.084736   -3.053301    8.638173   3
    9.246309    8.872922   -5.545614   2
   -8.059463    4.873535    9.777218   3
   -4.910392  -12.071242   10.597881   8
    1.641808   -0.617242  -13.549724   4
   -0.065435  -16.914316    3.996124   8
   -4.537225   15.379158    3.369061   5
   -6.271042    7.609263   10.959895   3
   -3.336370  -17.811852    6.675419   8
   -4.852496  -14.473716   -6.261194   8
    9.375831   13.257321   -8.000238   2
   10.927849   -5.731019    8.693936   7
    5.449070   -6.989938  -10.766377   6
    5.727726   14.355003   -8.436020   5
    9.491601   -1.419732   18.096282   7
   -0.366259   17.003406    3.228701   5
    8.825998   -4.155079   19.819060   7
  -10.206368   -2.207416  -12.806606   4
   -3.090021   17.071471    5.752395   5
    8.687870  -10.819673  -11.675426   6
   -2.797277  -19.009637   -1.710289   8
   -1.768507    4.414753  -19.105332   4
  -11.228505  -18.734854   -2.503609   8
  -11.479409  -16.558241   -1.414432   8
   11.775281   13.584962    7.661107   2
  -10.182427   -7.943455    9.428388   1
   -7.723809    9.389901  -15.578268   4
    6.386428   17.134786   -6.451815   5
   -8.893023  -19.683179   -4.538533   8
    5.930623   -5.741197   18.811077   7
    3.467437   -3.748749  -13.649676   6
   -1.761734  -13.505380    9.217675   8
  -12.397595   -9.353457    8.006350   1
   -5.374545   17.077328    0.456355   5
    0.911296    3.446213   17.523361   3
  -17.558840   -3.290325   -2.500877   1
   -4.715305  -21.496435    2.791269   8
   -3.652452    4.323868    6.909182   3
   12.670759   -2.881296   14.510855   7
   11.417726   -0.690062    6.433043   7
   12.453949   -0.474753   17.148418   7
    1.083772   -0.599297   -8.948822   4
   -7.948185   -0.906657  -14.925458   4
    8.548473   18.309094    4.011842   2
   -4.295376    8.588610   -1.512435   5
    5.608432  -13.810087  -15.151331   6
    2.234504   10.432317    4.246231   5
   -4.487217    4.767434   -4.031742   4
   -2.417073  -16.372400    9.488241   8
   -5.286290    8.468921  -17.693528   4
   13.959132    6.932710    5.926500   2
   -1.599923   -4.346781   14.771306   3
    4.977096  -16.768189  -13.462081   6
   -7.796582    6.209175  -16.791842   4
   -1.799462    5.524626   17.528002   3
    9.985626  -10.015324   -8.945999   6
   -2.631183    6.924628  -19.287575   4
   13.530048   12.830317   -0.514304   2
    4.013785   -4.333738   -3.104471   6
  -13.500836   -4.997141   -5.849760   1
   10.255744    1.606976   19.204776   7
  -19.458844   -9.213612    4.352305   1
  -14.535067  -15.710339    6.232869   8
    6.425632   -5.087876  -15.125245   6
   14.178746   10.497611   -7.054874   2
   10.277692    2.056990   17.124358   7
   -2.317518  -17.125097    3.362873   8
  -16.844477   -4.864851    5.995672   1
  -13.366716    1.323700    5.350107   1
  -16.571427   -3.146486    2.850605   1
   16.319312   11.994431   -0.686586   2
   -7.074580   10.290051  -10.195261   4
   -0.592163   19.060468    4.641239   5
   14.755264   13.672527   -3.607642   2
   -1.938837    9.230370  -16.857923   4
   -3.183820  -10.097928  -11.800801   6
   -0.920077   14.520423   -9.104689   5
   11.508587   -1.009733   15.393425   7
    4.749008  -12.007550   -5.018537   6
    0.380172    5.150030   15.690527   3
    5.416221   19.795054   -4.478745   5
   -1.506422   10.224762  -13.451229   4
   15.869187   10.576407   -1.968498   2
    1.026349   17.373576   -8.997598   5
  -10.677462   -9.990148   -5.694574   1
   16.536163   14.723826   -3.100537   2
   -9.299187    0.814561   -5.687403   4
    2.244531  -14.827887  -13.953035   6
    2.692170    3.909211   18.296114   7
   15.173734    8.198035   -5.034380   2
    7.615977   19.910229    1.835397   5
   10.960426   10.321253   -8.134558   2
   12.043027   -3.410624    6.566024   7
    3.371989    7.588156   14.138975   3
   -4.423603  -10.747910   -0.965944   8
   -0.004519  -10.192242  -17.372231   6
    5.734347   17.438035   -4.152352   5
   10.802041  -13.187452   -7.893867   6
   -3.559085   17.326188    2.081877   5
   14.075780   -1.948713   11.579511   7
    2.490831    1.056174   15.720834   3
    7.784102  -10.054645   -8.274031   6
    4.950332   -7.555042   -2.062603   6
   -5.378469    2.309979   17.165413   3
   -2.304905  -11.843625  -14.525946   6
    1.674744   22.980826    0.571596   5
   -7.814288  -19.244403    6.133525   8
   15.961035   15.137460    0.305699   2
    0.054794  -15.451858    7.167495   8
    9.023142   -4.715195    6.052520   7
   -6.491041    5.465728   16.390162   3
  -11.952872    3.178858  -11.366848   4
   -9.844592    0.885382  -16.882462   4
  -16.619866   -5.566727   -4.659598   1
   13.943455   -4.259469    9.181397   7
    5.516662   -3.081219   -5.893740   6
  -10.452539   -0.165612    4.599942   1
   -4.613858   18.306130   -2.764271   5
   -3.744403   20.096985    0.037721   5
   -2.502036  -13.909861   11.916013   8
    2.139458   20.854979    0.948798   5
   -8.406509  -19.854555   -1.283475   8
   -1.127175  -15.955769   -1.893605   8
   -4.317697   21.666469   -3.083381   5
    1.266948  -13.740161    4.491384   8
  -17.399016   -2.692339    3.579230   1
   -4.179635   11.210219  -11.632595   4
   -6.631000  -19.841611    8.098693   8
   -7.768464    2.566964   14.861519   3
  -16.789342  -12.164828   -3.362179   1
   -5.271011  -21.008966   -0.410845   8
   -4.176929   11.913735    3.374811   5
    7.923903  -12.499567   -3.004083   6
    5.077316  -10.957181   -2.334372   6
   -6.874838  -19.581833    0.063879   8
   -2.197950   20.841362   -2.282517   5
  -18.359167  -10.560843    7.314346   1
   -0.101783   20.649339   -4.955884   5
   10.540461    4.999579   18.386297   7
   -0.834605  -18.172134    0.875317   8
  -18.258588   -4.558939    0.792282   1
   10.148583   -5.369304   11.355036   7
   -8.286746   -0.034689   12.752003   3
   -5.679867   15.200784   -2.554574   5
  -11.865197   -0.517693   -1.185212   1
   13.427037    0.516589   13.976015   7
   -1.249023   10.531858   -9.987378   4
    7.242626   14.196179   -1.221144   5
    2.666447    7.830310    7.789137   3
   -9.701012    8.241243   -9.444877   4
    7.321369   19.102027   -4.956025   2
  -14.686897  -10.595321   -2.461906   1
    4.692055    1.935642   13.460080   3
   16.062128    6.446087    0.509495   2
   -2.443204   17.581701   -8.167616   5
   -1.031333   21.227716    2.125403   5
    8.408237   16.239874   -6.712490   2
   10.681003    4.563079    1.467616   2
   -2.864015  -13.807730   -1.742539   8
   -7.704648   -1.776149  -11.351666   4
   -7.924544  -15.675229   11.780881   8
   16.612904    8.883827   -1.783353   2
   12.060772   -4.790229   11.720519   7
   -4.803576   16.681643   -5.686130   5
   -4.096395  -20.632013    6.099075   8
   -6.424099   -0.510081   15.604329   3
   -3.100293   19.683996   -5.513751   5
   -2.749367   -1.166194   16.841821   3
   16.075747    5.555329   -2.647493   2
    0.385145   12.652895    4.603800   5
   -3.606272   -2.032822  -11.879739   4
   -6.871543    7.598983  -15.134973   4
    9.573130    5.566310   -5.284481   2
   -2.739315    9.803266   15.235365   3
   -8.055999   -8.331016    6.700200   1
   -1.437421  -18.464379    6.820212   8
  -11.247095    5.417404   -8.771219   4
   -1.332282   22.510236   -4.533045   5
    7.899522  -13.568519   -6.178531   6
    3.737465    6.979248   18.481026   7
   -8.227752   -5.167481    7.848848   1
    8.240042  -15.290071   -9.102489   6
  -19.160261  -11.260105    1.837009   1
   -4.349696   11.607620    1.135660   5
   -8.023406  -13.912242   -5.300719   8
   -4.127744   -0.410820   18.137732   3
   15.684631   10.094731    5.025779   2
   12.819062    5.548100   -4.038011   2
   -1.283672    1.923888  -19.470026   4
   -5.761795    5.626065  -19.500467   4
    7.371590   10.351545   -7.831926   2
    0.681940    9.488692   15.191003   3
  -16.726632   -8.800033   -3.789547   1
    4.432954   10.611354   -5.992343   2
   -0.777336   -9.543843    6.806807   8
   12.248380    5.948825   15.358173   7
   -6.888382   -1.676652    9.980000   3
  -16.721294   -5.654320    9.364110   1
  -15.625093   -1.321487    5.991150   1
   11.154540   -6.086029   14.710875   7
    8.882256   -6.341462   17.337801   7
   -5.684027    9.379087   -9.960154   4
   -3.744195   19.094782    3.214689   5
    7.490908    4.349544    0.036243   2
    4.620940    0.809638    5.162852   3
    6.335793   11.444264   -6.763839   5
   -9.139407   -8.275333    3.200993   1
  -10.497973  -20.298826    3.583811   8
   -3.630507   -7.674047    2.224802   8
  -15.865502    0.306783    2.956654   1
   -2.155098   -4.241003    8.465779   3
   -5.338123   11.793777   -2.180951   5
   -4.474467  -14.281131    7.521812   8
   10.423970   10.722707   -6.399900   2
    2.124927   21.236107    3.646402   5
    6.068853   -7.741417   12.015329   7
  -14.750773   -1.920710    5.901578   1
    8.236427  -11.723211  -14.016743   6
   -1.851018    2.796533   -4.036896   4
   -3.513057    7.441456    5.610995   3
   -4.310899   15.245871   -3.483812   5
   -7.822728    1.513208    9.811312   3
   -1.132737    8.785031   17.963221   3
    2.064495   -4.080704   14.774520   7
   -3.284451  -12.729533    4.715336   8
    0.324753    4.032910    2.979441   3
    5.219068   18.091483    3.618011   2
   -1.404758  -11.298938    9.864825   8
    5.911189  -10.773586  -16.519057   6
    6.350111  -13.670342  -11.590217   6
    3.003116   13.841426   -5.654778   2
   -1.506405   -3.550509   14.937333   3
   -2.426291   -5.320362  -13.410944   6
   -8.335897   -9.254983    6.197023   8
  -10.190895    5.408336   -9.373881   4
    0.486096    6.007961    5.990049   3
  -16.642751   -1.750736    0.295875   1
    1.389902    8.297697   14.581172   3
  -10.405581    7.291459  -15.158267   4
   -4.991100    7.530433   14.173158   3
    9.795261  -10.865618   -5.545223   6
   -3.716248   -9.388548    1.338759   1
   -6.576490   -2.946286   13.131214   3
   -1.275157    6.710145  -11.305709   4
    4.507039   -9.232666   -7.178351   6
   -3.274548    4.113049  -21.189472   4
  -18.381464   -7.229949    6.910877   1
  -14.435033   -4.167714    7.405234   1
  -15.176855   -2.197222   -4.799377   1
    1.082344    8.309318   -0.336591   5
    5.104685  -13.898484   -4.088292   6
    9.362910   -3.791940  -10.189671   6
   13.016268   -0.534946    4.972527   7
    5.441061  -10.392647  -10.726920   6
    9.579327   -7.127970   11.564364   7
  -15.134949   -5.617744   -3.388720   1
   -7.975354  -21.499027    1.636876   8
   -9.839821  -14.546857    9.306400   8
   16.917601    9.592425    1.665546   2
    3.172536   -9.040958  -17.480899   6
  -19.180036   -7.793840    1.289540   1
   -3.777607   -0.979041    5.005153   3
    5.221189    4.707497   20.563601   7
   -2.412683  -16.964471   -0.308774   8
    3.748999   21.792794   -1.948681   5
    6.783967   16.819720    3.369279   2
    6.418769   19.882265   -1.294266   5
   -3.188548   -7.607038    5.484774   8
    3.481781    1.790971   20.919761   7
   14.807084   13.882543   -6.216784   2
   -0.165657    0.886245   -6.312024   4
   -5.750724  -19.521179   -3.444395   8
    2.966528   19.212256   -5.352222   5
    2.717094   -2.270260    4.976890   3
    4.344752   17.391751   -9.323141   5
   -1.222967  -15.194856    6.123219   8
   -0.350529   -2.350450   11.882708   3
   15.745695   11.415418   -4.046139   2
   -6.040219   -5.931515    5.418355   1
   -7.266430    8.927985   -7.149810   4
  -12.685174   -0.130352    3.802362   1
   -6.462724  -11.309345    1.812385   1
    3.410199   10.108848   -0.304731   2
   -7.475674    2.983538   -3.751770   4
   14.821684   15.761416    3.545002   2
    7.296205   -7.277044   -6.083325   6
   12.765626    0.352309    9.510885   7
   10.370059   18.733624    1.064980   2
   -4.433033    2.698567  -18.292979   4
   -5.171280   -3.022389    7.392883   3
    1.770375    2.315102   15.297041   7
   -4.030092   -6.346013    2.652427   1
   14.867987    8.557337    3.613915   2
   -6.366671   -0.361533   -4.291195   4
   -2.912894   -0.293807  -17.597405   4
   -0.829225    1.938550   16.700752   3
   -8.064324  -11.327639    4.886146   1
    1.164103   23.692067   -2.785846   5
   -5.469934   -2.448993   -9.172283   4
    9.841629   -1.684683    4.762344   7
   -9.657333    0.888707  -13.003240   4
   -2.709461    5.294494   -8.300822   4
    6.146445    7.576787   -6.027230   2
   -3.980422   18.060803   -1.333220   5
   -6.877452    3.314489    7.035587   3
   -6.055043    6.620960    7.618619   3
  -10.013998    4.554609  -12.864109   4
   -8.034429    2.755865   11.614449   3
   -4.147535    7.397740    9.879680   3
  -18.649081   -9.995905   -1.302678   1
  -17.884607  -11.480562    4.695302   1
   -1.255202   10.525504    4.884658   5
   -6.607152    4.284708   14.536191   3
    8.521719   -4.407044   -7.014517   6
   -5.550283  -17.819951   10.560603   8
   -2.325788   12.075878   -7.260176   5
    5.516779    5.141767    9.153572   3
   -7.186124  -10.558755    8.175579   8
   -2.009743    7.512466   15.074660   3
    3.463708   15.216533   -2.616111   2
   10.159767    4.864799   -1.967455   2
    2.625191   11.858956   -3.030615   2
    5.501097  -15.637966   -7.047233   6
    7.400085    9.899514    7.083531   2
  -15.912311   -8.812888    8.751710   1
  -11.721560   -7.433832   -7.636397   1
    7.091171   18.344987    0.834093   2
    8.405334   13.190844    7.184301   2
   -4.304328   10.336173   -8.257443   4
   -4.309813   14.625429   -8.442729   5
   -3.158007    3.113283   -5.548923   4
   -3.246601   -8.191619   -3.848016   6
    7.444993    6.759930   19.063874   7
   10.018809  -12.761289  -11.244865   6
    6.010199   -7.911702   16.172576   7
   10.071077   16.091218    6.128834   2
   -1.580903   -2.667873   17.868563   3
   -4.224564    7.705427   17.390263   3
    5.632443   14.570580   -6.077836   5
    5.968728    9.593789   -1.055590   2
   -2.239544    9.451648   -0.361656   5
    2.486384   18.508538    5.981029   5
   -7.188767   -0.422565    3.718164   1
   13.239220    5.007696   -0.600459   2
  -13.296471  -12.837524    7.522638   1
  -11.004457  -11.749910   -2.891554   1
    0.999460   -5.048231   -5.533010   6
    4.568804    7.590181   10.001679   7
   -9.092371  -15.057571   -3.402063   8
   13.733383    1.311526   10.542736   7
    3.417865   -5.706800  -16.543331   6
   14.506500    7.439606   -3.011446   2
  -10.260809    7.454129   -6.242897   4
   10.394268    1.583942    5.001671   7
    5.693789   -0.895640    8.711117   7
   -1.159003    0.028923    5.798479   3
   10.372822   16.669668    3.369248   2
    0.596143    7.158480   -8.188730   4
   -4.188211   -8.260618  -13.896227   6
   10.552592   11.552900    6.105020   2
    0.481802   -0.536570    8.960144   3
    3.075328   -6.096985   17.289726   7
   -7.842625  -12.398222   10.973765   8
   -8.934562   -1.882501   -9.811155   4
    7.200242   -3.249376   18.501911   7
   -0.345413  -13.103869  -15.524512   6
    2.138194    6.429508   11.995168   7
   -0.626460   -1.752788    4.398887   3
  -12.420792  -15.477280   -2.456980   8
   -5.458450  -17.279361   -2.072759   8
    9.233306    7.320114   16.346679   7
   12.290861    7.587465   -6.574004   2
   -8.783868  -10.610921    3.514983   8
   -7.417973    6.347019   -4.855731   4
    3.752438   -8.866003  -13.250703   6
    7.645966    6.908342    5.560906   2
   -1.332340   22.502655   -0.900611   5
   -4.547603   -2.239554  -13.004099   4
    3.710065    4.491362    6.935782   3
   14.353252   13.055631    5.493173   2
  -11.565050   -2.637040   -4.044882   1
   -2.127314  -21.369759    0.623278   8
   11.412946    7.756178   -4.718163   2
    8.171578   -3.475918    9.054387   7
   -1.809736   -5.623302   11.514974   3
  -14.023914   -1.338986    1.003963   1
    6.768128    6.658868   -0.007971   2
    0.393710  -14.436176   10.307785   8
   -9.098390   -1.821826    7.276040   1
   11.790812    2.669154   16.201449   7
    0.291292  -11.670828    1.960277   8
    8.751767   -6.002084  -12.554740   6
    1.097380  -12.326747    7.732775   8
   -1.285956  -12.738716   -0.827521   8
    2.950371   -0.969664   13.102518   3
   -1.652370    5.970763   -5.182218   4
   12.260147    4.051996    9.727020   7
   -3.266096  -19.820221    9.234238   8
    4.586278    8.162734   13.313837   7
    4.300364   11.393693   -9.590995   5
    4.222871   -6.588320    9.232934   7
   -6.129127   10.327275  -13.142052   4
    3.322639   -7.326733   14.259087   7
    7.159796   11.652928   -5.943062   2
    5.739261   17.795981   -2.220074   2
    4.096168    8.617235   -3.404180   2
   -1.751677  -14.667611  -10.899893   6
   11.838830    6.581826   12.056801   7
   -3.831783   -9.601950    8.148059   8
    6.412658   -2.433847   -9.005183   6
   -4.368028    6.221796  -17.206190   4
    5.726541  -17.142892  -10.213191   6
    7.922580    3.748996    5.690323   7
   -8.830105  -11.765209    3.563121   1
  -11.058906  -14.178058   -0.397383   1
   -9.183206   -9.148025    2.870136   8
    7.981039   -6.176219   14.224802   7
   -3.624505   -3.678514    0.365179   1
    1.504525    8.361543   -8.902176   4
    7.008614    6.379714   -2.945569   2
  -14.937027   -8.114702   -6.413936   1
    4.924884    5.131120   12.479645   3
   14.842820    7.883408    0.333868   2
   -9.769945    4.221966   -5.900816   4
    4.033846  -14.011661  -14.262453   6
   16.257049   12.777777    2.706390   2
   15.858253   11.374251    1.624680   2
   10.520890    4.199796   14.240920   7
   10.490583    6.537092   11.262026   7
   -3.392632    4.461917   16.321580   3
   -7.696066    5.089971   -6.704996   4
   -1.774145    1.172133   -8.193514   4
   13.836048   11.698592    4.534010   2
   -8.995034  -10.864936   -3.761387   8
    6.446080   -2.679393    4.585672   7
   11.510527   15.537754    0.288671   2
  -13.931079  -13.198241   -2.015485   1
   11.295732   -3.937225   17.375139   7
  -14.975835   -9.798565    3.754006   1
  -11.280456    6.505739  -12.012318   4
  -12.209567   -8.077526    4.940229   1
  -10.287442  -16.481811   -4.813931   8
    3.966221   11.949573    0.724921   2
   12.348999   14.717378    5.687871   2
    8.558293   14.252992    5.250820   2
   -4.220726   -0.466591   -6.557192   4
    2.151654   -6.083280   -0.882418   6
    3.283120   -3.246253    9.114976   7
  -12.577113    0.860841    1.955230   1
    3.888532    8.912449    1.311465   5
   -2.351283   -4.963663   -4.001504   6
   13.298404    3.722896   12.798434   7
   -5.394974   -5.164205   -0.194362   1
    0.879351   -4.814239   -3.689555   6
   -8.300159  -16.384317   -0.151081   8
    0.389767    8.774551    2.137531   5
   -6.778425   -2.656553  -12.322912   4
   -1.280144    8.853734   -6.884481   4
   -9.670592    2.983793   12.169714   3
  -11.845999   -0.058152  -10.626417   4
    4.744338   16.226464    4.967715   5
    7.538720    3.525829   18.362513   7
    9.362575   14.986911   -2.313526   2
    5.406890    1.910408    8.314557   3
   -3.491459    8.840945  -15.229271   4
  -16.731724  -12.531559   -0.081040   1
   -3.077361  -13.568365  -11.381063   6
   -1.386148    7.981142   -3.549195   5
   -1.476364   10.674986    2.506016   5
  -11.201715   -2.252023    6.138125   1
    2.013300   17.480665    0.538937   5
    7.027614    0.465828   17.675039   7
    2.988843   -3.208121   -8.341740   6
   -7.741069    5.671738   13.199418   3
    7.077522  -14.435699  -12.161232   6
   13.489692   16.267428    6.488790   2
    1.136023  -16.309718  -11.039086   6
  -10.427564   -4.506751   -6.739647   1
    2.564985    6.001889  -15.772919   4
    5.125751   19.457265    4.045760   5
   -8.888514  -17.793589    9.425048   8
   14.239867   14.527859    2.538921   2
    7.823037  -10.660027   -4.818969   6
    3.836185   -0.107271   11.794887   7
    2.906969  -12.717336  -10.983876   6
   -0.951592   11.617213   13.119488   3
   -5.497183  -11.317223  -13.972080   6
   -4.895080    2.167689    4.532163   3
   -1.327139    7.222994   -0.341154   5
   -4.475205   -8.326523    1.865886   8
   -3.565327   -9.091716   -5.766098   6
    2.184305   -2.440670   -5.508940   6
    7.616731   -6.900044    8.778602   7
  -10.068076  -10.923670    7.592179   1
   -5.790852    4.388574    9.020162   3
   -5.885691   10.335582    0.881423   5
    1.832882   10.936763    1.792082   5
    7.746190    9.471071   14.206949   7
   -1.248163    9.334256   12.162509   3
  -13.892501  -10.714131   -4.534330   1
   10.848793    5.664841    4.777647   2
    4.678242   21.312219    1.262627   5
    3.471445   -0.062128   16.930381   7
   -7.995976  -10.045254   -3.743110   1
   -4.462689    7.948367   -5.611450   4
    3.095797    8.080476    2.243333   2
   -3.200690  -13.802031  -13.898279   6
   -0.685457   -8.719142    3.498806   8
    0.355106   -4.698036    6.242371   3
   10.880726   -4.418833   14.898459   7
  -12.951394   -3.589858    3.170865   1
    1.116037    4.019904   -5.170996   4
   -0.720164   -7.341903   -2.025681   6
  -11.182179    2.137424   -8.165127   4
   -9.100512  -13.342523    2.236109   1
    0.863045   -5.512997    9.595547   3
    3.726563  -15.972062  -11.389239   6
   12.890635   13.238457   -6.747537   2
   -5.482790   -2.538438    9.922865   3
    6.986807    2.657208   11.096523   3
    4.892702   -2.488413   14.482777   7
    8.637542  -13.140639   -9.157007   6
    1.339548   14.428626    1.871810   5
    3.162358    9.517235   -7.139885   5
    6.893716   -5.833112   -4.426654   6
   -2.583799    0.878560  -13.311053   4
   -1.627068    3.387624    4.712192   3
   -6.761644  -12.787896    5.398890   8
    7.119403    1.978968    7.415448   7
    1.792458    3.198994    4.341692   3
  -12.203192  -13.479557    7.091782   8
   10.987224   13.164609    2.923980   2
    8.507225   -6.775653   -9.338954   6
   -3.658561    8.946249    8.581776   3
    3.123847   18.490074   -6.462311   5
   -7.208679  -20.337267    4.741646   8
   10.032303   -9.259549  -12.347191   6
  -11.700942   -4.249010   -3.777229   1
    8.920889   10.394166   -3.003025   2
    8.516969   -1.017983   21.172960   7
  -10.444207   -6.583344    7.588695   1
    6.198407   14.645537   -4.362856   2
   -0.449971    9.423915   -6.542085   5
    8.743944   18.168127    0.761623   2
   11.537570   12.599980   -3.574545   2
    7.776404   -8.965148   -3.390990   6
    0.483992  -15.058312    1.215415   8
   -3.493063  -20.133802    0.834610   8
   12.153375    6.783781    2.924460   2
   10.944324   -6.898005   -9.864796   6
    2.805462  -12.286525  -16.493847   6
    3.164135   16.147966   -8.091575   5
    1.004371   -2.041236   15.569787   3
    2.276153   11.316320   -1.612517   5
    2.490147   15.872350   -4.557328   5
  -13.071519  -17.841218    0.048152   8
  -11.223795   -1.212456   -7.466954   4
   -2.979731   -0.233351   -4.926966   4
    0.774700    4.315323  -16.570312   4
    2.651644    4.604351   -9.638306   4
    9.441229    8.953596   11.313042   7
    8.806688    6.871254    5.856816   7
   13.838270   16.595844   -4.187473   2
   -4.242884   -0.440442  -10.114435   4
  -13.381049   -6.704066    9.509254   1
    2.872936   15.494452    7.657899   5
    2.514735   18.693630    3.711327   5
    7.526979   -4.512247   13.531464   7
   -3.110968  -13.539535   -8.001526   6
    7.380237   -8.130693  -13.521422   6
    1.772212    0.509729   18.212158   7
    1.893883    2.605396   -8.269683   4
  -13.647912  -19.979387    2.526826   8
    1.743641    7.521438   -4.944570   5
    5.416231   -0.432689   22.663645   7
    3.573816   -5.154420   12.024020   7
   -6.995852   -9.631515    9.299551   8
  -18.521467   -6.526714   -1.911049   1
   -3.752467  -16.777132   -4.069552   8
    0.478594   -6.894238  -17.419687   6
    8.780380    6.779226   -2.684801   2
   -0.616616  -13.745755   -7.767444   6
    0.195420    2.816297    7.666737   3
   -0.983347   -8.216562  -14.767020   6
   -8.632223   -7.329089   -5.998059   1
  -14.809068   -4.858610    0.257497   1
   -4.805414   -2.147639  -15.105507   4
   -0.766366  -15.938658  -13.847923   6
    2.927049   -4.900713   20.252578   7
    4.771163    9.090655   -0.849308   5
   -7.136299   11.784378  -13.134301   4
    6.090458   -7.490415  -17.555544   6
  -13.308480   -4.959005    6.455299   1
    4.424856    3.432729   12.553701   7
    4.863167   -3.718471  -11.270410   6
   -1.950785   -6.221640   -6.777921   6
    2.340637   21.394736   -4.999362   5
    0.908297    3.801987  -17.630382   4
  -11.228695  -20.773811    0.232109   8
    5.842404    6.077411    2.682387   2
    2.372653   -9.195865  -10.085056   6
  -11.122682  -11.644325    1.709801   8
   -4.504685  -11.255817   10.977550   8
    4.463561    7.071833  -10.452015   4
   13.165726    1.947415    7.267427   7
  -11.060305  -18.542061    5.108272   8
   -6.018619    1.080500  -12.693006   4
   -1.643423   -1.163678  -14.565933   4
   -6.063195  -13.925240   -0.298585   8
   -2.031302    5.624073  -14.453447   4
   -8.807875  -18.644172   -2.809091   8
    3.531232   11.304646    2.811094   2
   -5.207569    1.458969   15.511620   3
   -3.039317    8.739857    2.050734   5
   -0.958003   10.302586   10.003005   3
  -17.939350   -3.800233    6.717433   1
   -3.578711   12.075057   -2.179621   5
    2.508264   14.489754   -9.772439   5
    2.081660  -11.715201   -7.599615   6
    4.392176   -5.444728   -5.132221   6
    2.061521   -9.420844   -1.714082   6
   12.043287   18.013057    3.925242   2
   13.649077   17.515820    0.926335   2
   -2.682617   18.277983   -4.610556   5
    2.834270  -17.235137   -8.345114   6
    3.176675    5.612642   -7.639948   4
   -4.630523   13.361393   -5.227834   5
   -3.678215    9.758177   11.982789   3
   12.992297   10.532270    7.242359   2
  -15.279284  -11.215285    6.932352   1
    2.699105  -15.118052   -8.178944   6
    3.934454    8.305451  -13.546389   4
    4.493781    6.876694   -0.590595   2
   10.820044   18.084549   -4.770044   2
   15.829870   17.803772   -1.682876   2
   -6.513974   -6.960483   -8.835561   6
  -16.647224  -13.425662    6.408052   1
    5.878499   -3.248001   21.125029   7
    2.416859    5.797736    5.014730   3
   -0.033258    4.983348  -20.602935   4
   -6.925061  -16.964161   -5.233730   8
   -0.784264    9.191793    6.830171   3
   -1.448727   -9.288312    0.138022   8
    3.770053   19.512253   -1.947732   5
  -16.891450  -13.624831    3.144780   1
    4.373190    3.494247  -10.211016   4
    4.196211   14.806314    3.269083   2
   -0.472273  -11.657655    6.277573   8
  -10.011813    4.023018  -15.350337   4
    4.099544   -1.145799    7.797906   3
   -6.814928   -7.505500    0.682984   8
   -4.751051    0.013135  -15.881162   4
    0.648684    7.295002  -18.316710   4
    6.902893   12.879903   -1.368531   2
    5.533745   10.934939    3.507353   5
    4.442111   13.159648    0.462962   5
    6.016088    7.274734   16.026124   7
  -14.613691   -8.408123    0.546680   1
    0.226982  -15.257738  -10.857260   6
   -8.341171    8.200923   -8.168835   4
   -3.042533   -4.461227   11.866735   3
  -12.852528  -14.423474    0.709849   8
   10.084549   10.842917    8.899654   2
   -0.085607   19.811930   -7.139567   5
    1.456613    0.828076    3.597904   3
   -2.334113   14.064553    2.626446   5
   -6.417672   -9.791666    1.476326   1
  -18.829414   -5.757758    3.997924   1
    3.725725    6.828687   -2.080229   5
   -7.556291    2.095655  -15.879141   4
    1.389015   11.518767   -5.129820   5
  -12.262657  -12.633645   -0.506828   1
   -0.402538    6.120185   12.337090   3
   -2.582815   15.413991   -6.683960   5
    5.193820   19.199991    1.395601   5
   -6.771460    4.571946  -13.120634   4
   -6.470430   -1.689956    0.572391   1
   -6.304445  -17.125028    8.458278   8
    6.263902   10.190130   11.132869   7
    6.495073   -5.866432   10.610338   7
   -2.496853   -4.568389   -9.711048   6
    7.509540    3.621511   15.593226   7
    9.335667    1.134219   13.601839   7
    6.953017    1.640809   10.949427   7
    1.790891    9.868537   11.993390   3
   -9.920139  -17.186160    8.275313   8
   -5.272153  -14.671937    9.889200   8
    0.399487    0.129191   18.226573   3
    4.819624   16.426029   -0.976205   5
    2.308332    1.625622  -11.449726   4
    3.100438   13.512936    0.228843   2
   -4.454570   -3.311996   16.312216   3
    1.779548  -10.500758    4.913614   8
    0.772911   -3.632608  -11.037600   6
   -0.505882   -4.300068   -6.909642   6
    6.691255   11.399787   -3.049129   5
    2.308962  -14.922903   -5.901130   6
    6.063726  -11.218057  -14.200916   6
    7.744806    4.676694   12.106811   7
    8.039298   -1.552993    6.383160   7
   -4.973068    2.479593   -8.655944   4
  -10.406714  -13.385054   -0.282927   8
   -0.410483  -15.833837   -8.022105   6
   -9.564252   -9.602202   -0.505781   8
    1.544958   -3.010591   17.898812   7
    6.262257    8.625314   -4.475614   2
   -2.885730  -13.644905   -3.675238   8
    5.930387    5.655688    7.444348   7
   -5.986412    5.721227   -9.747449   4
    3.963464    3.279860   15.903470   7
   11.024871   18.117051   -1.858207   2
   -9.572565   -0.875653    1.244682   1
   -2.320099   -1.175843   -8.413709   4
    0.433491    0.529405  -16.725484   4
   -6.315600    0.894523    9.151882   3
   16.579902    6.884839    3.771482   2
   -6.003640   -3.985374   -1.936217   1
   -9.423275    9.281027  -12.661023   4
   -2.274035   13.762821    5.422386   5
    7.218463   17.201024   -3.139601   5
    5.538610    5.617509   17.765564   7
    7.166923    0.585093    5.306855   7
   -5.620466  -13.616738   13.132368   8
    0.755959   -3.594516   12.520963   3
   -2.816199   -4.168274    5.175906   3
   -2.141307  -10.889342    1.737834   8
    2.270940   15.546358    5.250869   5
    2.453783    3.010349   12.103676   7
    5.479278   12.572901    5.442672   2
    0.868336   11.711364   -8.598553   5
    0.807378   -2.717147    6.480267   3
  -10.567335    1.096557  -13.627413   4
    0.852359   12.890191    6.421071   5
   -7.390252   -0.138591   -8.135324   4
   11.060582    4.553437    6.557806   7
   -7.962921    2.764654  -10.304701   4
   -3.947218   -7.390204   -1.145176   8
   -4.371929  -12.537444  -11.045836   6
   -4.901446   -4.374897   10.519803   3
   -0.793547   12.464799   -0.108016   5
   -3.401121  -10.541279   -2.173955   8
    6.267531   14.285782    2.396741   5
    3.281118    1.764085    9.326270   3
    0.155389   17.481739   -6.618621   5
    7.009080   -1.626644   11.906025   7
   -6.409119   -0.070246  -17.756532   4
   -8.273704  -12.151896   -0.934581   1
   11.817494    6.484006   -0.670221   2
   -2.068138   12.357335   -5.301079   5
   -6.144265    0.057597    7.116705   3
    1.487954    9.801566  -11.822493   4
    4.895222   -0.993497   20.249909   7
   13.607361    5.525222    2.786020   2
    7.600444   -8.398276  -14.617133   6
    8.259409   -1.782107   15.295596   7
    1.390576    7.459244   -5.612615   4
   -0.762082  -13.554046   -5.253594   6
  -14.134977  -16.633472    3.031529   8
    2.106595  -12.407214   -3.509490   6
    4.955986   -1.049745    7.325230   7
   -9.646401   -7.048316   -3.477455   1
   10.473563    2.905366   10.832522   7
    1.949260    2.429781   14.094879   3
  -17.804056   -6.259119    1.283955   1
   10.212469    6.631954    8.975797   7
   -4.357737    3.316117  -15.031251   4
    3.242385   -6.308526   -8.336948   6
   -5.600682  -11.567270   -4.522025   8
    0.002882    8.273899  -13.985357   4
   -4.642434    4.905389   19.156022   3
  -15.326066   -7.778443    6.872200   1
   -8.333990  -18.040044    3.093918   8
   -0.824040  -11.118946   -5.619197   6
    5.844652   -5.696091   16.335420   7
    3.846593   12.727218    3.855193   5
   -9.498470   -8.195850   -0.174447   1
  -11.592190  -16.779734    7.667340   8
    2.089533    9.710940    8.621487   3
    0.279522    3.848325   -6.986095   4
    5.355263   13.592402    3.463655   2
   -5.730609   -9.018941    4.142931   1
   -0.893018    0.041289  -11.394256   4
   -5.966346  -16.231793    4.991247   8
   -5.328482  -16.985472    1.551893   8
  -12.768355  -15.610150    5.280229   8
   -8.217287  -13.910358    2.329321   8
    7.699737   17.036006    3.525113   5
   -2.899189  -10.841047  -15.925477   6
    8.420997    4.970742    8.790278   7
   -4.482152   -5.673815   13.775211   3
   -8.551645   -4.336100   -3.986095   1
   12.774481   12.995562   -8.780752   2
   -1.803160   -0.500551   20.477137   3
   -2.573266    8.614804   -8.784616   4
    5.085644    5.559901    9.881035   7
    0.630560    0.595441   12.489958   7
    4.129953   12.914439    5.883175   5
    2.875573   -1.525301   20.699109   7
   -3.071698    5.810343    6.887194   3
  -11.100002  -10.945502    4.929969   8
   -1.066595   19.293434    0.459714   5
    5.228699    4.319295    5.890089   3
    1.731374    5.161340    9.697350   3
   -6.276851   -0.447653   12.539954   3
  -17.955800   -7.764769    4.564210   1
    5.333459   16.226945   -5.185277   2
   -0.450933    3.469613  -10.404640   4
   -0.789174   15.291028   -3.734474   5
    3.896531   16.948783    0.475109   2
   12.441646   10.153765    1.618784   2
   -3.618087   -6.189622   -6.798305   6
   12.319154   18.793454   -1.813526   2
   -7.728214    3.110006  -17.929506   4
   -3.131415  -14.146580    1.592019   8
   13.840381   -1.121688    8.174972   7
   -4.611757    7.131365  -12.517317   4
    8.812470    7.108155   14.531897   7
  -12.451154   -7.655013   -4.286123   1
   13.802523   10.316741   -4.883421   2
   10.198364   12.230051   -0.262172   2
  -10.932237  -13.294253    5.121002   1
   -6.099316   -9.453600  -11.265020   6
    2.595609    2.673790  -14.735692   4
    2.650792    8.750212   -3.601432   5
    1.844249   14.690804   -1.486435   5
   -3.511450    2.208123    7.304853   3
   -2.943117    4.718011    3.484600   3
    8.731267   17.324408   -4.607812   2
   -2.730369   -0.342214   13.546352   3
   -0.196823  -11.611395  -10.567399   6
  -11.295008  -12.353040   -1.555752   8
   -5.976185   -9.246613    5.061318   8
    3.318677   12.711425   -7.480179   5
   -3.656626    3.841852  -11.613075   4
   -5.954490   -7.108457    7.341157   8
    2.963305    5.702539   12.981030   3
    2.244196    7.674083  -11.237818   4
    1.920846    8.695597   11.017000   3
  -14.032356  -13.983039    1.449746   1
    3.633465    3.380410    3.056185   3
    5.964190   -4.338409    7.579607   7
   -9.890967  -11.156152    8.464919   8
    0.294133    2.173684   11.093625   3
   10.250839    7.969544    7.508567   2
   -5.160865  -19.484331    3.939291   8
    7.421813   11.277047    1.712477   2
    0.557962    1.594652  -14.344959   4
   -5.963342   -6.636629    2.868502   1
    6.156652   -4.412220   -7.984945   6
    2.096966  -10.054471   -4.245953   6
    1.766151  -10.354127  -15.495661   6
    0.451467   14.176619   -7.043581   5
    2.496464    0.344548    6.250545   3
   -7.918146   -2.038236   -6.694699   4
    2.159395    9.154306    5.335504   3
    5.121142   -0.155627   10.825391   3
    4.900087    2.589647   19.204785   7
   -5.417812   -3.377531    3.189341   1
  -10.489581    0.215661   -9.717614   4
    6.772248   15.666755    5.541278   2
   -4.675282   -2.889488   -6.088120   4
    4.511323    7.581491    7.230835   3
   -5.603047   13.662108    0.627135   5
    6.227430   11.382960    0.293494   5
    5.247585    8.468326   -4.552569   5
  -14.901662   -6.349157    3.442944   1
   -4.254594   -6.697209   -0.780699   1
    2.296391   -6.890635   -2.648952   6
    4.983298    2.361366    7.149378   7
   -9.798465    2.424003   -7.204001   4
   -1.939767  -19.681451    3.692761   8
   12.171567   15.952774   -4.517632   2
    1.181816    4.804354  -13.073024   4
    8.276577   14.581490    1.324095   2
    4.104450   -3.349818   10.508367   7
   -0.895854  -10.604954   -3.240623   6
   -1.748206    1.826795  -16.698249   4
  -17.221649   -8.017099   -1.635154   1
   11.809006   -3.109158    9.163011   7
    6.644473   17.357242   -1.894978   2
    7.178935   10.934289    5.167993   2
    1.792943    6.260266    0.615109   5
  -15.215034  -12.016222    0.888215   1
    9.709108    9.300423    3.566627   2
    3.738263   -1.671700  -11.088566   6
    9.577937   14.166190   -5.923585   2
   -1.800092    1.355241    3.382569   3
    5.027941   15.241609    0.391434   2
    9.278559   -0.340456    9.311078   7
   -4.577837   10.495437  -14.999117   4
    3.858574   -3.346201   17.816237   7
   -4.640621   -8.351508   -8.880331   6
   -3.913813    5.780425   12.931565   3
  -12.386858   -1.584860    6.925132   1
   -8.124952  -14.068807    8.494122   8
    4.502747   15.965847    2.492551   5
   -6.475524   -9.422462   -2.146030   8
    8.975344   18.937024   -1.997335   2
   -1.212979   -8.231741   -9.629814   6
   -9.013564  -11.643406   -0.043930   1
    9.401757    8.843984    0.133807   2
    4.106354    5.026134  -13.140498   4
  -10.280988   -5.220741    4.373267   1
   -8.462639   -3.982843   -2.099778   1
    0.623117    5.606436   -2.484732   5
  -11.022199  -15.993297    2.142339   8
   11.043693    9.081434   14.211951   7
    9.080913   -7.641884   -6.447140   6
    0.531995   -0.875681   14.997034   3
    6.473136    8.530484   -1.422853   5
   -7.327442   -6.827522    6.097111   1
  -11.071746  -10.209684   -2.785818   1
   -8.113237    7.471257  -11.786818   4
    0.461443   18.274544   -2.565035   5
    2.567493   -0.406047   11.982246   3
    4.727270   -5.573470  -14.148630   6
    4.680705   11.609832   -3.560295   2
  -12.892477  -18.737111    5.469380   8
    0.757956  -13.208250  -13.785740   6
   -6.723802   -7.006299   -3.185175   1
    0.974471   -8.391900   -6.893055   6
    7.651749   16.965832    0.288166   5
    3.219164    4.429128    9.158576   7
    0.181010   -4.740072   -9.031310   6
   -9.992087  -12.112258    6.447178   8
  -11.397001  -15.620194    2.726104   1
    2.697390    5.822323   15.331701   7
   -8.793276   -1.788300   -1.929059   1
   -3.751107   10.062157   -4.730117   5
   -1.017488    7.240589  -17.279500   4
   -5.535907   -8.802257   -5.980031   6
  -13.242984  -13.326569    3.910888   8
   10.629295    2.565312    7.439385   7
    1.151977   21.892666   -2.190909   5
    2.195122   -6.069309  -11.736618   6
    7.517745   14.199142   -4.768759   5
   -4.332970   -1.095996    7.008039   3
   12.293489    9.711427   -1.760433   2
   12.736078    0.643165   12.824043   7
   -4.465043   14.805043   -0.108542   5
   -0.669470    9.984487   -3.056007   5
  -15.945492  -12.124349    9.528465   1
   -1.197558   15.950673   -0.240171   5
    6.279710   13.337592   -6.667402   2
   11.851626   15.453919   -6.590673   2
    0.559062   -5.102629  -14.542334   6
   14.241676   16.591399   -1.761556   2
  -11.492664   -3.569553   -0.088788   1
   11.994610    8.658190    5.490645   2
    5.559604    9.236426    4.240792   2
   -2.299283    4.378553    9.968338   3
   -2.706131   10.004833  -12.052127   4
   -5.143594  -10.827209   -8.351005   6
    5.133316   -8.608663   -3.795612   6
    6.680337   -3.178921  -12.430309   6
   -9.915244   -2.128183    2.634552   1
  -10.346251  -19.058681    0.574253   8
   -4.595592    1.718250   -2.442344   4
    4.706594   13.569640   -2.918558   5
  -14.209227   -2.690887   -2.100220   1
    4.924787    8.790335    2.282792   2
    4.801610   10.937051   -4.957084   5
   -9.404845  -15.291030    5.295517   8
   -9.835436  -19.652865    6.838011   8
   -0.686964   -7.856244   -3.866580   6
    8.821522    6.388953    2.652521   2
   -3.436919  -11.378604   -5.367805   6
    7.022359    1.940176   21.199432   7
  -13.159911  -10.173936    9.950849   1
   -7.475928   -9.757061    0.336538   8
   -6.434088   -7.519488    4.123800   8
   -1.192665   -5.837187  -12.168447   6
    4.032908    7.781227   10.738359   3
    1.185802    9.164887  -15.462912   4
   -6.192824   -9.452480   -1.024942   1
    3.908312    2.219222    9.193570   7
  -12.510386   -6.990104   -1.643214   1
    2.702744    0.243925    9.821077   7
   -3.611420  -10.707755    7.721221   8
   -5.721940  -14.294096   -4.077830   8
    1.513865   -3.879662    9.563534   3
   -2.722601    0.009177   10.094969   3
    1.445509   -6.850241  -15.260494   6
   -6.573795    2.117438   -5.598234   4
   -3.075741  -11.541532   -8.510933   6
   -3.957497   -7.007457  -11.020727   6
   -0.755553    7.593656    8.941652   3
   -7.726970  -11.896251   -2.495934   8
    0.189092   -8.892196  -12.745857   6
   -1.660963    3.147929   13.606111   3
   -5.208274    7.521964   -6.875201   4
    5.340431  -12.785282   -8.332501   6
   -4.539151    2.458469   12.008893   3
    3.375951   -4.436045    7.534686   3
  -19.557665  -12.534888    4.912292   1
  -17.801938   -9.836559    1.462994   1
  -14.714587  -13.389549    4.181853   1
    7.134689    8.051842   11.396044   7
    1.451809   -2.553982   11.734625   7
  -11.250381   -4.251598    8.729731   1
   -5.492224  -11.635357    2.348971   8
   -0.416531    7.127936    4.164305   3
  -11.259762  -13.272377   -4.746889   8
  -14.066102  -14.870253    4.766803   1
    5.921297    0.807219   14.290412   7
   -4.835617   -2.848915   14.438505   3
    7.515711    8.475349    8.486969   7
  -11.681384  -10.050827    1.850735   1
    5.476896    6.346652   14.171122   7
  -12.090185  -11.493179    5.258884   1
    0.556655   -1.097703   15.363771   7
   -0.068078  -13.563983    3.177077   8
    3.671857   -3.182339   10.558331   3
  -11.875713   -6.512094    1.733703   1
  -11.476988  -12.768413    3.397407   8
   -8.592612   -5.054169    1.235159   1
   -9.214703   -9.704470    6.473954   1
    1.348038    6.727859   16.999916   3
    3.387546    4.379721   15.388259   3
   -2.208065    2.493265   18.733745   3
   -7.817112   -3.305070    5.152473   1
   -2.524337   -9.223843    4.708581   8
